薝鹐?飁纤-慑-?玡[	?-/?+峖?/{_??499.020  0.000  187.010  694106.880  28250.410  163.480  1290.740  859.000  1722.500  267498.880  0.000  262.990  0.000  17225.000  49.260  0.000  544.740  0.000  
187.010  694106.880  28250.410  163.480  1174.240  771.000  1577.490  290252.480  0.000  278.990  0.000  15774.990  174.620  0.000  499.020  0.000  187.010  694106.880  28250.410  163.480  1290.740  859.000  1722.500  267498.880  0.000  262.990  0.000  17225.000  49.260  0.000  544.740  0.000  
187.010  694106.880  28250.410  163.480  1174.240  771.000  1577.490  290252.480  0.000  278.990  0.000  15774.990  174.620  0.000  499.020  0.000  187.010  694106.880  28250.410  163.480  1290.740  859.000  1722.500  267498.880  0.000  262.990  0.000  17225.000  49.260  0.000  544.740  0.000  
187.010  694106.880  28250.410  163.480  1174.240  771.000  1577.490  290252.480  0.000  278.990  0.000  15774.990  174.620  0.000  499.020  0.000  187.010  694106.880  28250.410  163.480  1290.740  859.000  1722.500  267498.880  0.000  262.990  0.000  17225.000  49.260  0.000  544.740  0.000  
187.010  694106.880  28250.410  163.480  1174.240  771.000  1577.490  290252.480  0.000  278.990  0.000  15774.990  174.620  0.000  499.020  0.000  187.010  694106.880  28250.410  163.480  1290.740  859.000  1722.500  267498.880  0.000  262.990  0.000  17225.000  49.260  0.000  544.740  0.000  
187.010  694106.880  28250.410  163.480  1174.240  771.000  1577.490  290252.480  0.000  278.990  0.000  15774.990  174.620  0.000  499.020  0.000  187.010  694106.880  28250.410  163.480  1290.740  859.000  1722.500  267498.880  0.000  262.990  0.000  17225.000  49.260  0.000  544.740  0.000  
187.010  694106.880  28250.410  163.480  1174.240  771.000  1577.490  290252.480  0.000  278.990  0.000  15774.990  174.620  0.000  499.020  0.000  187.010  694106.880  28250.410  163.480  1290.740  859.000  1722.500  267498.880  0.000  262.990  0.000  17225.000  49.260  0.000  544.740  0.000  
187.010  694106.880  28250.410  163.480  1174.240  771.000  1577.490  290252.480  0.000  278.990  0.000  15774.990  174.620  0.000  499.020  0.000  187.010  694106.880  28250.410  163.480  1290.740  859.000  1722.500  267498.880  0.000  262.990  0.000  17225.000  49.260  0.000  544.740  0.000  
187.010  694106.880  28250.410  163.480  1174.240  771.000  1577.490  290252.480  0.000  278.990  0.000  15774.990  174.620  0.000  499.020  0.000  187.010  694106.880  28250.410  163.480  1290.740  859.000  1722.500  267498.880  0.000  262.990  0.000  17225.000  49.260  0.000  544.740  0.000  
187.010  694106.880  28250.410  163.480  1174.240  771.000  1577.490  290252.480  0.000  278.990  0.000  15774.990  174.620  0.000  499.020  0.000  187.010  694106.880  28250.410  163.480  1290.740  859.000  1722.500  267498.880  0.000  262.990  0.000  17225.000  49.260  0.000  544.740  0.000  
187.010  694106.880  28250.410  163.480  1174.240  771.000  1577.490  290252.480  0.000  278.990  0.000  15774.990  174.620  0.000  499.020  0.000  187.010  694106.880  28250.410  163.480  1290.740  859.000  1722.500  267498.880  0.000  262.990  0.000  17225.000  49.260  0.000  544.740  0.000  
187.010  694106.880  28250.410  163.480  1174.240  771.000  1577.490  290252.480  0.000  278.990  0.000  15774.990  174.620  0.000  499.020  0.000  187.010  694106.880  28250.410  163.480  1290.740  859.000  1722.500  267498.880  0.000  262.990  0.000  17225.000  49.260  0.000  544.740  0.000  
187.010  694106.880  28250.410  163.480  1174.240  771.000  1577.490  290252.480  0.000  278.990  0.000  15774.990  174.620  0.000  499.020  0.000  187.010  694106.880  28250.410  163.480  1290.740  859.000  1722.500  267498.880  0.000  262.990  0.000  17225.000  49.260  0.000  544.740  0.000  
187.010  694106.880  28250.410  163.480  1174.240  771.000  1577.490  290252.480  0.000  278.990  0.000  15774.990  174.620  0.000  499.020  0.000  187.010  694106.880  28250.410  163.480  1290.740  859.000  1722.500  267498.880  0.000  262.990  0.000  17225.000  49.260  0.000  544.740  0.000  
187.010  694106.880  28250.410  163.480  1174.240  771.000  1577.490  290252.480  0.000  278.990  0.000  15774.990  174.620  0.000  499.020  0.000  187.010  694106.880  28250.410  163.480  1290.740  859.000  1722.500  267498.880  0.000  262.990  0.000  17225.000  49.260  0.000  544.740  0.000  
187.010  694106.880  28250.410  163.480  1174.240  771.000  1577.490  290252.480  0.000  278.990  0.000  15774.990  174.620  0.000  499.020  0.000  187.010  694106.880  28250.410  163.480  1290.740  859.000  1722.500  267498.880  0.000  262.990  0.000  17225.000  49.260  0.000  544.740  0.000  
187.010  694106.880  28250.410  163.480  1174.240  771.000  1577.490  290252.480  0.000  278.990  0.000  15774.990  174.620  0.000  499.020  0.000  187.010  694106.880  28250.410  163.480  1290.740  859.000  1722.500  267498.880  0.000  262.990  0.000  17225.000  49.260  0.000  544.740  0.000  
187.010  694106.880  28250.410  163.480  1174.240  771.000  1577.490  290252.480  0.000  278.990  0.000  15774.990  174.620  0.000  499.020  0.000  187.010  694106.880  28250.410  163.480  1290.740  859.000  1722.500  267498.880  0.000  262.990  0.000  17225.000  49.260  0.000  544.740  0.000  
187.010  694106.880  28250.410  163.480  1174.240  771.000  1577.490  290252.480  0.000  278.990  0.000  15774.990  174.620  0.000  499.020  0.000  187.010  694106.880  28250.410  163.480  1290.740  859.000  1722.500  267498.880  0.000  262.990  0.000  17225.000  49.260  0.000  544.740  0.000  
187.010  694106.880  28250.410  163.480  1174.240  771.000  1577.490  290252.480  0.000  278.990  0.000  15774.990  174.620  0.000  499.020  0.000  187.010  694106.880  28250.410  163.480  1290.740  859.000  1722.500  267498.880  0.000  262.990  0.000  17225.000  49.260  0.000  544.740  0.000  
187.010  694106.880  28250.410  163.480  1174.240  771.000  1577.490  290252.480  0.000  278.990  0.000  15774.990  174.620  0.000  499.020  0.000  187.010  694106.880  28250.410  163.480  1290.740  859.000  1722.500  267498.880  0.000  262.990  0.000  17225.000  49.260  0.000  544.740  0.000  
187.010  694106.880  28250.410  163.480  1174.240  771.000  1577.490  290252.480  0.000  278.990  0.000  15774.990  174.620  0.000  499.020  0.000  187.010  694106.880  28250.410  163.480  1290.740  859.000  1722.500  267498.880  0.000  262.990  0.000  17225.000  49.260  0.000  544.740  0.000  
187.010  694106.880  28250.410  163.480  1174.240  771.000  1577.490  290252.480  0.000  278.990  0.000  15774.990  174.620  0.000  499.020  0.000  187.010  694106.880  28250.410  163.480  1290.740  859.000  1722.500  267498.880  0.000  262.990  0.000  17225.000  49.260  0.000  544.740  0.000  
187.010  694106.880  28250.410  163.480  1174.240  771.000  1577.490  290252.480  0.000  278.990  0.000  15774.990  174.620  0.000  499.020  0.000  187.010  694106.880  28250.410  163.480  1290.740  859.000  1722.500  267498.880  0.000  262.990  0.000  17225.000  49.260  0.000  544.740  0.000  
187.010  694106.880  28250.410  163.480  1174.240  771.000  1577.490  290252.480  0.000  278.990  0.000  15774.990  174.620  0.000  499.020  0.000  187.010  694106.880  28250.410  163.480  1290.740  859.000  1722.500  267498.880  0.000  262.990  0.000  17225.000  49.260  0.000  544.740  0.000  
187.010  694106.880  28250.410  163.480  1174.240  771.000  1577.490  290252.480  0.000  278.990  0.000  15774.990  174.620  0.000  499.020  0.000  187.010  694106.880  28250.410  163.480  1290.740  859.000  1722.500  267498.880  0.000  262.990  0.000  17225.000  49.260  0.000  544.740  0.000  
187.010  694106.880  28250.410  163.480  1174.240  771.000  1577.490  290252.480  0.000  278.990  0.000  15774.990  174.620  0.000  499.020  0.000  187.010  694106.880  28250.410  163.480  1290.740  859.000  1722.500  267498.880  0.000  262.990  0.000  17225.000  49.260  0.000  544.740  0.000  
187.010  694106.880  28250.410  163.480  1174.240  771.000  1577.490  290252.480  0.000  278.990  0.000  15774.990  174.620  0.000  499.020  0.000  187.010  694106.880  28250.410  163.480  1290.740  859.000  1722.500  267498.880  0.000  262.990  0.000  17225.000  49.260  0.000  544.740  0.000  
187.010  694106.880  28250.410  163.480  1174.240  771.000  1577.490  290252.480  0.000  278.990  0.000  15774.990  174.620  0.000  499.020  0.000  187.010  694106.880  28250.410  163.480  1290.740  859.000  1722.500  267498.880  0.000  262.990  0.000  17225.000  49.260  0.000  544.740  0.000  
187.010  694106.880  28250.410  163.480  1174.240  771.000  1577.490  290252.480  0.000  278.990  0.000  15774.990  174.620  0.000  499.020  0.000  187.010  694106.880  28250.410  163.480  1290.740  859.000  1722.500  267498.880  0.000  262.990  0.000  17225.000  49.260  0.000  544.740  0.000  
187.010  694106.880  28250.410  163.480  1174.240  771.000  1577.490  290252.480  0.000  278.990  0.000  15774.990  174.620  0.000  499.020  0.000  187.010  694106.880  28250.410  163.480  1290.740  859.000  1722.500  267498.880  0.000  262.990  0.000  17225.000  49.260  0.000  544.740  0.000  
187.010  694106.880  28250.410  163.480  1174.240  771.000  1577.490  290252.480  0.000  278.990  0.000  15774.990  174.620  0.000  499.020  0.000  187.010  694106.880  28250.410  163.480  1290.740  859.000  1722.500  267498.880  0.000  262.990  0.000  17225.000  49.260  0.000  544.740  0.000  
187.010  694106.880  28250.410  163.480  1174.240  771.000  1577.490  290252.480  0.000  278.990  0.000  15774.990  174.620  0.000  499.020  0.000  187.010  694106.880  28250.410  163.480  1290.740  859.000  1722.500  267498.880  0.000  262.990  0.000  17225.000  49.260  0.000  544.740  0.000  
187.010  694106.880  28250.410  163.480  1174.240  771.000  1577.490  290252.480  0.000  278.990  0.000  15774.990  174.620  0.000  499.020  0.000  187.010  694106.880  28250.410  163.480  1290.740  859.000  1722.500  267498.880  0.000  262.990  0.000  17225.000  49.260  0.000  544.740  0.000  
187.010  694106.880  28250.410  163.480  1174.240  771.000  1577.490  290252.480  0.000  278.990  0.000  15774.990  174.620  0.000  499.020  0.000  187.010  694106.880  28250.410  163.480  1290.740  859.000  1722.500  267498.880  0.000  262.990  0.000  17225.000  49.260  0.000  544.740  0.000  
187.010  694106.880  28250.410  163.480  1174.240  771.000  1577.490  290252.480  0.000  278.990  0.000  15774.990  174.620  0.000  499.020  0.000  187.010  694106.880  28250.410  163.480  1290.740  859.000  1722.500  267498.880  0.000  262.990  0.000  17225.000  49.260  0.000  544.740  0.000  
187.010  694106.880  28250.410  163.480  1174.240  771.000  1577.490  290252.480  0.000  278.990  0.000  15774.990  174.620  0.000  499.020  0.000  187.010  694106.880  28250.410  163.480  1290.740  859.000  1722.500  267498.880  0.000  262.990  0.000  17225.000  49.260  0.000  544.740  0.000  
187.010  694106.880  28250.410  163.480  1174.240  771.000  1577.490  290252.480  0.000  278.990  0.000  15774.990  174.620  0.000  499.020  0.000  187.010  694106.880  28250.410  163.480  1290.740  859.000  1722.500  267498.880  0.000  262.990  0.000  17225.000  49.260  0.000  544.740  0.000  
187.010  694106.880  28250.410  163.480  1174.240  771.000  1577.490  290252.480  0.000  278.990  0.000  15774.990  174.620  0.000  499.020  0.000  187.010  694106.880  28250.410  163.480  1290.740  859.000  1722.500  267498.880  0.000  262.990  0.000  17225.000  49.260  0.000  544.740  0.000  
187.010  694106.880  28250.410  163.480  1174.240  771.000  1577.490  290252.480  0.000  278.990  0.000  15774.990  174.620  0.000  499.020  0.000  187.010  694106.880  28250.410  163.480  1290.740  859.000  1722.500  267498.880  0.000  262.990  0.000  17225.000  49.260  0.000  544.740  0.000  
187.010  694106.880  28250.410  163.480  1174.240  771.000  1577.490  290252.480  0.000  278.990  0.000  15774.990  174.620  0.000  499.020  0.000  187.010  694106.880  28250.410  163.480  1290.740  859.000  1722.500  267498.880  0.000  262.990  0.000  17225.000  49.260  0.000  544.740  0.000  
187.010  694106.880  28250.410  163.480  1174.240  771.000  1577.490  290252.480  0.000  278.990  0.000  15774.990  174.620  0.000  499.020  0.000  187.010  694106.880  28250.410  163.480  1290.740  859.000  1722.500  267498.880  0.000  262.990  0.000  17225.000  49.260  0.000  544.740  0.000  
187.010  694106.880  28250.410  163.480  1174.240  771.000  1577.490  290252.480  0.000  278.990  0.000  15774.990  174.620  0.000  499.020  0.000  187.010  694106.880  28250.410  163.480  1290.740  859.000  1722.500  267498.880  0.000  262.990  0.000  17225.000  49.260  0.000  544.740  0.000  
187.010  694106.880  28250.410  163.480  1174.240  771.000  1577.490  290252.480  0.000  278.990  0.000  15774.990  174.620  0.000  499.020  0.000  187.010  694106.880  28250.410  163.480  1290.740  859.000  1722.500  267498.880  0.000  262.990  0.000  17225.000  49.260  0.000  544.740  0.000  
187.010  694106.880  28250.410  163.480  1174.240  771.000  1577.490  290252.480  0.000  278.990  0.000  15774.990  174.620  0.000  499.020  0.000  187.010  694106.880  28250.410  163.480  1290.740  859.000  1722.500  267498.880  0.000  262.990  0.000  17225.000  49.260  0.000  544.740  0.000  
187.010  694106.880  28250.410  163.480  1174.240  771.000  1577.490  290252.480  0.000  278.990  0.000  15774.990  174.620  0.000  499.020  0.000  187.010  694106.880  28250.410  163.480  1290.740  859.000  1722.500  267498.880  0.000  262.990  0.000  17225.000  49.260  0.000  544.740  0.000  
187.010  694106.880  28250.410  163.480  1174.240  771.000  1577.490  290252.480  0.000  278.990  0.000  15774.990  174.620  0.000  499.020  0.000  187.010  694106.880  28250.410  163.480  1290.740  859.000  1722.500  267498.880  0.000  262.990  0.000  17225.000  49.260  0.000  544.740  0.000  
187.010  694106.880  28250.410  163.480  1174.240  771.000  1577.490  290252.480  0.000  278.990  0.000  15774.990  174.620  0.000  499.020  0.000  187.010  694106.880  28250.410  163.480  1290.740  859.000  1722.500  267498.880  0.000  262.990  0.000  17225.000  49.260  0.000  544.740  0.000  
187.010  694106.880  28250.410  163.480  1174.240  771.000  1577.490  290252.480  0.000  278.990  0.000  15774.990  174.620  0.000  499.020  0.000  187.010  694106.880  28250.410  163.480  1290.740  859.000  1722.500  267498.880  0.000  262.990  0.000  17225.000  49.260  0.000  544.740  0.000  
187.010  694106.880  28250.410  163.480  1174.240  771.000  1577.490  290252.480  0.000  278.990  0.000  15774.990  174.620  0.000  499.020  0.000  187.010  694106.880  28250.410  163.480  1290.740  859.000  1722.500  267498.880  0.000  262.990  0.000  17225.000  49.260  0.000  544.740  0.000  
187.010  694106.880  28250.410  163.480  1174.240  771.000  1577.490  290252.480  0.000  278.990  0.000  15774.990  174.620  0.000  499.020  0.000  187.010  694106.880  28250.410  163.480  1290.740  859.000  1722.500  267498.880  0.000  262.990  0.000  17225.000  49.260  0.000  544.740  0.000  
187.010  694106.880  28250.410  163.480  1174.240  771.000  1577.490  290252.480  0.000  278.990  0.000  15774.990  174.620  0.000  499.020  0.000  187.010  694106.880  28250.410  163.480  1290.740  859.000  1722.500  267498.880  0.000  262.990  0.000  17225.000  49.260  0.000  544.740  0.000  
187.010  694106.880  28250.410  163.480  1174.240  771.000  1577.490  290252.480  0.000  278.990  0.000  15774.990  174.620  0.000  499.020  0.000  187.010  694106.880  28250.410  163.480  1290.740  859.000  1722.500  267498.880  0.000  262.990  0.000  17225.000  49.260  0.000  544.740  0.000  
187.010  694106.880  28250.410  163.480  1174.240  771.000  1577.490  290252.480  0.000  278.990  0.000  15774.990  174.620  0.000  499.020  0.000  187.010  694106.880  28250.410  163.480  1290.740  859.000  1722.500  267498.880  0.000  262.990  0.000  17225.000  49.260  0.000  544.740  0.000  
187.010  694106.880  28250.410  163.480  1174.240  771.000  1577.490  290252.480  0.000  278.990  0.000  15774.990  174.620  0.000  499.020  0.000  187.010  694106.880  28250.410  163.480  1290.740  859.000  1722.500  267498.880  0.000  262.990  0.000  17225.000  49.260  0.000  544.740  0.000  
187.010  694106.880  28250.410  163.480  1174.240  771.000  1577.490  290252.480  0.000  278.990  0.000  15774.990  174.620  0.000  499.020  0.000  187.010  694106.880  28250.410  163.480  1290.740  859.000  1722.500  267498.880  0.000  262.990  0.000  17225.000  49.260  0.000  544.740  0.000  
187.010  694106.880  28250.410  163.480  1174.240  771.000  1577.490  290252.480  0.000  278.990  0.000  15774.990  174.620  0.000  499.020  0.000  187.010  694106.880  28250.410  163.480  1290.740  859.000  1722.500  267498.880  0.000  262.990  0.000  17225.000  49.260  0.000  544.740  0.000  
187.010  694106.880  28250.410  163.480  1174.240  771.000  1577.490  290252.480  0.000  278.990  0.000  15774.990  174.620  0.000  499.020  0.000  187.010  694106.880  28250.410  163.480  1290.740  859.000  1722.500  267498.880  0.000  262.990  0.000  17225.000  49.260  0.000  544.740  0.000  
187.010  694106.880  28250.410  163.480  1174.240  771.000  1577.490  290252.480  0.000  278.990  0.000  15774.990  174.620  0.000  499.020  0.000  187.010  694106.880  28250.410  163.480  1290.740  859.000  1722.500  267498.880  0.000  262.990  0.000  17225.000  49.260  0.000  544.740  0.000  
187.010  694106.880  28250.410  163.480  1174.240  771.000  1577.490  290252.480  0.000  278.990  0.000  15774.990  174.620  0.000  499.020  0.000  187.010  694106.880  28250.410  163.480  1290.740  859.000  1722.500  267498.880  0.000  262.990  0.000  17225.000  49.260  0.000  544.740  0.000  
187.010  694106.880  28250.410  163.480  1174.240  771.000  1577.490  290252.480  0.000  278.990  0.000  15774.990  174.620  0.000  499.020  0.000  187.010  694106.880  28250.410  163.480  1290.740  859.000  1722.500  267498.880  0.000  262.990  0.000  17225.000  49.260  0.000  544.740  0.000  
