.0950  134000.2560  2240.0010  31.1420  113.4990  88.4240  158.1060  400139.3600  0.0000  30.3990  0.0000  2529.6990  11.1250  0.0000  39.5350  0.0000  6.0950  134000.2560  2240.0010  31.1420  123.5310  96.7560  171.6310  41376.1280  0.0000  27.5990  0.0000  2746.1000  3.7170  0.0000  42.9100  0.0000  
6.0950  134000.2560  2240.0010  31.1420  113.4990  88.4240  158.1060  400139.3600  0.0000  30.3990  0.0000  2529.6990  11.1250  0.0000  39.5350  0.0000  6.0950  134000.2560  2240.0010  31.1420  123.5310  96.7560  171.6310  41376.1280  0.0000  27.5990  0.0000  2746.1000  3.7170  0.0000  42.9100  0.0000  
6.0950  134000.2560  2240.0010  31.1420  113.4990  88.4240  158.1060  400139.3600  0.0000  30.3990  0.0000  2529.6990  11.1250  0.0000  39.5350  0.0000  6.0950  134000.2560  2240.0010  31.1420  123.5310  96.7560  171.6310  41376.1280  0.0000  27.5990  0.0000  2746.1000  3.7170  0.0000  42.9100  0.0000  
6.0950  134000.2560  2240.0010  31.1420  113.4990  88.4240  158.1060  400139.3600  0.0000  30.3990  0.0000  2529.6990  11.1250  0.0000  39.5350  0.0000  6.0950  134000.2560  2240.0010  31.1420  123.5310  96.7560  171.6310  41376.1280  0.0000  27.5990  0.0000  2746.1000  3.7170  0.0000  42.9100  0.0000  
6.0950  134000.2560  2240.0010  31.1420  113.4990  88.4240  158.1060  400139.3600  0.0000  30.3990  0.0000  2529.6990  11.1250  0.0000  39.5350  0.0000  6.0950  134000.2560  2240.0010  31.1420  123.5310  96.7560  171.6310  41376.1280  0.0000  27.5990  0.0000  2746.1000  3.7170  0.0000  42.9100  0.0000  
6.0950  134000.2560  2240.0010  31.1420  113.4990  88.4240  158.1060  400139.3600  0.0000  30.3990  0.0000  2529.6990  11.1250  0.0000  39.5350  0.0000  6.0950  134000.2560  2240.0010  31.1420  123.5310  96.7560  171.6310  41376.1280  0.0000  27.5990  0.0000  2746.1000  3.7170  0.0000  42.9100  0.0000  
6.0950  134000.2560  2240.0010  31.1420  113.4990  88.4240  158.1060  400139.3600  0.0000  30.3990  0.0000  2529.6990  11.1250  0.0000  39.5350  0.0000  6.0950  134000.2560  2240.0010  31.1420  123.5310  96.7560  171.6310  41376.1280  0.0000  27.5990  0.0000  2746.1000  3.7170  0.0000  42.9100  0.0000  
6.0950  134000.2560  2240.0010  31.1420  113.4990  88.4240  158.1060  400139.3600  0.0000  30.3990  0.0000  2529.6990  11.1250  0.0000  39.5350  0.0000  6.0950  134000.2560  2240.0010  31.1420  123.5310  96.7560  171.6310  41376.1280  0.0000  27.5990  0.0000  2746.1000  3.7170  0.0000  42.9100  0.0000  
6.0950  134000.2560  2240.0010  31.1420  113.4990  88.4240  158.1060  400139.3600  0.0000  30.3990  0.0000  2529.6990  11.1250  0.0000  39.5350  0.0000  6.0950  134000.2560  2240.0010  31.1420  123.5310  96.7560  171.6310  41376.1280  0.0000  27.5990  0.0000  2746.1000  3.7170  0.0000  42.9100  0.0000  
6.0950  134000.2560  2240.0010  31.1420  113.4990  88.4240  158.1060  400139.3600  0.0000  30.3990  0.0000  2529.6990  11.1250  0.0000  39.5350  0.0000  6.0950  134000.2560  2240.0010  31.1420  123.5310  96.7560  171.6310  41376.1280  0.0000  27.5990  0.0000  2746.1000  3.7170  0.0000  42.9100  0.0000  
6.0950  134000.2560  2240.0010  31.1420  113.4990  88.4240  158.1060  400139.3600  0.0000  30.3990  0.0000  2529.6990  11.1250  0.0000  39.5350  0.0000  6.0950  134000.2560  2240.0010  31.1420  123.5310  96.7560  171.6310  41376.1280  0.0000  27.5990  0.0000  2746.1000  3.7170  0.0000  42.9100  0.0000  
6.0950  134000.2560  2240.0010  31.1420  113.4990  88.4240  158.1060  400139.3600  0.0000  30.3990  0.0000  2529.6990  11.1250  0.0000  39.5350  0.0000  6.0950  134000.2560  2240.0010  31.1420  123.5310  96.7560  171.6310  41376.1280  0.0000  27.5990  0.0000  2746.1000  3.7170  0.0000  42.9100  0.0000  
6.0950  134000.2560  2240.0010  31.1420  113.4990  88.4240  158.1060  400139.3600  0.0000  30.3990  0.0000  2529.6990  11.1250  0.0000  39.5350  0.0000  6.0950  134000.2560  2240.0010  31.1420  123.5310  96.7560  171.6310  41376.1280  0.0000  27.5990  0.0000  2746.1000  3.7170  0.0000  42.9100  0.0000  
6.0950  134000.2560  2240.0010  31.1420  113.4990  88.4240  158.1060  400139.3600  0.0000  30.3990  0.0000  2529.6990  11.1250  0.0000  39.5350  0.0000  6.0950  134000.2560  2240.0010  31.1420  123.5310  96.7560  171.6310  41376.1280  0.0000  27.5990  0.0000  2746.1000  3.7170  0.0000  42.9100  0.0000  
6.0950  134000.2560  2240.0010  31.1420  113.4990  88.4240  158.1060  400139.3600  0.0000  30.3990  0.0000  2529.6990  11.1250  0.0000  39.5350  0.0000  6.0950  134000.2560  2240.0010  31.1420  123.5310  96.7560  171.6310  41376.1280  0.0000  27.5990  0.0000  2746.1000  3.7170  0.0000  42.9100  0.0000  
6.0950  134000.2560  2240.0010  31.1420  113.4990  88.4240  158.1060  400139.3600  0.0000  30.3990  0.0000  2529.6990  11.1250  0.0000  39.5350  0.0000  6.0950  134000.2560  2240.0010  31.1420  123.5310  96.7560  171.6310  41376.1280  0.0000  27.5990  0.0000  2746.1000  3.7170  0.0000  42.9100  0.0000  
6.0950  134000.2560  2240.0010  31.1420  113.4990  88.4240  158.1060  400139.3600  0.0000  30.3990  0.0000  2529.6990  11.1250  0.0000  39.5350  0.0000  6.0950  134000.2560  2240.0010  31.1420  123.5310  96.7560  171.6310  41376.1280  0.0000  27.5990  0.0000  2746.1000  3.7170  0.0000  42.9100  0.0000  
6.0950  134000.2560  2240.0010  31.1420  113.4990  88.4240  158.1060  400139.3600  0.0000  30.3990  0.0000  2529.6990  11.1250  0.0000  39.5350  0.0000  6.0950  134000.2560  2240.0010  31.1420  123.5310  96.7560  171.6310  41376.1280  0.0000  27.5990  0.0000  2746.1000  3.7170  0.0000  42.9100  0.0000  
6.0950  134000.2560  2240.0010  31.1420  113.4990  88.4240  158.1060  400139.3600  0.0000  30.3990  0.0000  2529.6990  11.1250  0.0000  39.5350  0.0000  6.0950  134000.2560  2240.0010  31.1420  123.5310  96.7560  171.6310  41376.1280  0.0000  27.5990  0.0000  2746.1000  3.7170  0.0000  42.9100  0.0000  
6.0950  134000.2560  2240.0010  31.1420  113.4990  88.4240  158.1060  400139.3600  0.0000  30.3990  0.0000  2529.6990  11.1250  0.0000  39.5350  0.0000  6.0950  134000.2560  2240.0010  31.1420  123.5310  96.7560  171.6310  41376.1280  0.0000  27.5990  0.0000  2746.1000  3.7170  0.0000  42.9100  0.0000  
6.0950  134000.2560  2240.0010  31.1420  113.4990  88.4240  158.1060  400139.3600  0.0000  30.3990  0.0000  2529.6990  11.1250  0.0000  39.5350  0.0000  6.0950  134000.2560  2240.0010  31.1420  123.5310  96.7560  171.6310  41376.1280  0.0000  27.5990  0.0000  2746.1000  3.7170  0.0000  42.9100  0.0000  
6.0950  134000.2560  2240.0010  31.1420  113.4990  88.4240  158.1060  400139.3600  0.0000  30.3990  0.0000  2529.6990  11.1250  0.0000  39.5350  0.0000  6.0950  134000.2560  2240.0010  31.1420  123.5310  96.7560  171.6310  41376.1280  0.0000  27.5990  0.0000  2746.1000  3.7170  0.0000  42.9100  0.0000  
6.0950  134000.2560  2240.0010  31.1420  113.4990  88.4240  158.1060  400139.3600  0.0000  30.3990  0.0000  2529.6990  11.1250  0.0000  39.5350  0.0000  6.0950  134000.2560  2240.0010  31.1420  123.5310  96.7560  171.6310  41376.1280  0.0000  27.5990  0.0000  2746.1000  3.7170  0.0000  42.9100  0.0000  
6.0950  134000.2560  2240.0010  31.1420  113.4990  88.4240  158.1060  400139.3600  0.0000  30.3990  0.0000  2529.6990  11.1250  0.0000  39.5350  0.0000  6.0950  134000.2560  2240.0010  31.1420  123.5310  96.7560  171.6310  41376.1280  0.0000  27.5990  0.0000  2746.1000  3.7170  0.0000  42.9100  0.0000  
6.0950  134000.2560  2240.0010  31.1420  113.4990  88.4240  158.1060  400139.3600  0.0000  30.3990  0.0000  2529.6990  11.1250  0.0000  39.5350  0.0000  6.0950  134000.2560  2240.0010  31.1420  123.5310  96.7560  171.6310  41376.1280  0.0000  27.5990  0.0000  2746.1000  3.7170  0.0000  42.9100  0.0000  
6.0950  134000.2560  2240.0010  31.1420  113.4990  88.4240  158.1060  400139.3600  0.0000  30.3990  0.0000  2529.6990  11.1250  0.0000  39.5350  0.0000  6.0950  134000.2560  2240.0010  31.1420  123.5310  96.7560  171.6310  41376.1280  0.0000  27.5990  0.0000  2746.1000  3.7170  0.0000  42.9100  0.0000  
6.0950  134000.2560  2240.0010  31.1420  113.4990  88.4240  158.1060  400139.3600  0.0000  30.3990  0.0000  2529.6990  11.1250  0.0000  39.5350  0.0000  6.0950  134000.2560  2240.0010  31.1420  123.5310  96.7560  171.6310  41376.1280  0.0000  27.5990  0.0000  2746.1000  3.7170  0.0000  42.9100  0.0000  
6.0950  134000.2560  2240.0010  31.1420  113.4990  88.4240  158.1060  400139.3600  0.0000  30.3990  0.0000  2529.6990  11.1250  0.0000  39.5350  0.0000  6.0950  134000.2560  2240.0010  31.1420  123.5310  96.7560  171.6310  41376.1280  0.0000  27.5990  0.0000  2746.1000  3.7170  0.0000  42.9100  0.0000  
6.0950  134000.2560  2240.0010  31.1420  113.4990  88.4240  158.1060  400139.3600  0.0000  30.3990  0.0000  2529.6990  11.1250  0.0000  39.5350  0.0000  6.0950  134000.2560  2240.0010  31.1420  123.5310  96.7560  171.6310  41376.1280  0.0000  27.5990  0.0000  2746.1000  3.7170  0.0000  42.9100  0.0000  
6.0950  134000.2560  2240.0010  31.1420  113.4990  88.4240  158.1060  400139.3600  0.0000  30.3990  0.0000  2529.6990  11.1250  0.0000  39.5350  0.0000  6.0950  134000.2560  2240.0010  31.1420  123.5310  96.7560  171.6310  41376.1280  0.0000  27.5990  0.0000  2746.1000  3.7170  0.0000  42.9100  0.0000  
6.0950  134000.2560  2240.0010  31.1420  113.4990  88.4240  158.1060  400139.3600  0.0000  30.3990  0.0000  2529.6990  11.1250  0.0000  39.5350  0.0000  6.0950  134000.2560  2240.0010  31.1420  123.5310  96.7560  171.6310  41376.1280  0.0000  27.5990  0.0000  2746.1000  3.7170  0.0000  42.9100  0.0000  
6.0950  134000.2560  2240.0010  31.1420  113.4990  88.4240  158.1060  400139.3600  0.0000  30.3990  0.0000  2529.6990  11.1250  0.0000  39.5350  0.0000  6.0950  134000.2560  2240.0010  31.1420  123.5310  96.7560  171.6310  41376.1280  0.0000  27.5990  0.0000  2746.1000  3.7170  0.0000  42.9100  0.0000  
6.0950  134000.2560  2240.0010  31.1420  113.4990  88.4240  158.1060  400139.3600  0.0000  30.3990  0.0000  2529.6990  11.1250  0.0000  39.5350  0.0000  6.0950  134000.2560  2240.0010  31.1420  123.5310  96.7560  171.6310  41376.1280  0.0000  27.5990  0.0000  2746.1000  3.7170  0.0000  42.9100  0.0000  
6.0950  134000.2560  2240.0010  31.1420  113.4990  88.4240  158.1060  400139.3600  0.0000  30.3990  0.0000  2529.6990  11.1250  0.0000  39.5350  0.0000  6.0950  134000.2560  2240.0010  31.1420  123.5310  96.7560  171.6310  41376.1280  0.0000  27.5990  0.0000  2746.1000  3.7170  0.0000  42.9100  0.0000  
6.0950  134000.2560  2240.0010  31.1420  113.4990  88.4240  158.1060  400139.3600  0.0000  30.3990  0.0000  2529.6990  11.1250  0.0000  39.5350  0.0000  6.0950  134000.2560  2240.0010  31.1420  123.5310  96.7560  171.6310  41376.1280  0.0000  27.5990  0.0000  2746.1000  3.7170  0.0000  42.9100  0.0000  
6.0950  134000.2560  2240.0010  31.1420  113.4990  88.4240  158.1060  400139.3600  0.0000  30.3990  0.0000  2529.6990  11.1250  0.0000  39.5350  0.0000  6.0950  134000.2560  2240.0010  31.1420  123.5310  96.7560  171.6310  41376.1280  0.0000  27.5990  0.0000  2746.1000  3.7170  0.0000  42.9100  0.0000  
6.0950  134000.2560  2240.0010  31.1420  113.4990  88.4240  158.1060  400139.3600  0.0000  30.3990  0.0000  2529.6990  11.1250  0.0000  39.5350  0.0000  6.0950  134000.2560  2240.0010  31.1420  123.5310  96.7560  171.6310  41376.1280  0.0000  27.5990  0.0000  2746.1000  3.7170  0.0000  42.9100  0.0000  
6.0950  134000.2560  2240.0010  31.1420  113.4990  88.4240  158.1060  400139.3600  0.0000  30.3990  0.0000  2529.6990  11.1250  0.0000  39.5350  0.0000  6.0950  134000.2560  2240.0010  31.1420  123.5310  96.7560  171.6310  41376.1280  0.0000  27.5990  0.0000  2746.1000  3.7170  0.0000  42.9100  0.0000  
6.0950  134000.2560  2240.0010  31.1420  113.4990  88.4240  158.1060  400139.3600  0.0000  30.3990  0.0000  2529.6990  11.1250  0.0000  39.5350  0.0000  6.0950  134000.2560  2240.0010  31.1420  123.5310  96.7560  171.6310  41376.1280  0.0000  27.5990  0.0000  2746.1000  3.7170  0.0000  42.9100  0.0000  
6.0950  134000.2560  2240.0010  31.1420  113.4990  88.4240  158.1060  400139.3600  0.0000  30.3990  0.0000  2529.6990  11.1250  0.0000  39.5350  0.0000  6.0950  134000.2560  2240.0010  31.1420  123.5310  96.7560  171.6310  41376.1280  0.0000  27.5990  0.0000  2746.1000  3.7170  0.0000  42.9100  0.0000  
6.0950  134000.2560  2240.0010  31.1420  113.4990  88.4240  158.1060  400139.3600  0.0000  30.3990  0.0000  2529.6990  11.1250  0.0000  39.5350  0.0000  6.0950  134000.2560  2240.0010  31.1420  123.5310  96.7560  171.6310  41376.1280  0.0000  27.5990  0.0000  2746.1000  3.7170  0.0000  42.9100  0.0000  
6.0950  134000.2560  2240.0010  31.1420  113.4990  88.4240  158.1060  400139.3600  0.0000  30.3990  0.0000  2529.6990  11.1250  0.0000  39.5350  0.0000  6.0950  134000.2560  2240.0010  31.1420  123.5310  96.7560  171.6310  41376.1280  0.0000  27.5990  0.0000  2746.1000  3.7170  0.0000  42.9100  0.0000  
6.0950  134000.2560  2240.0010  31.1420  113.4990  88.4240  158.1060  400139.3600  0.0000  30.3990  0.0000  2529.6990  11.1250  0.0000  39.5350  0.0000  6.0950  134000.2560  2240.0010  31.1420  123.5310  96.7560  171.6310  41376.1280  0.0000  27.5990  0.0000  2746.1000  3.7170  0.0000  42.9100  0.0000  
6.0950  134000.2560  2240.0010  31.1420  113.4990  88.4240  158.1060  400139.3600  0.0000  30.3990  0.0000  2529.6990  11.1250  0.0000  39.5350  0.0000  6.0950  134000.2560  2240.0010  31.1420  123.5310  96.7560  171.6310  41376.1280  0.0000  27.5990  0.0000  2746.1000  3.7170  0.0000  42.9100  0.0000  
6.0950  134000.2560  2240.0010  31.1420  113.4990  88.4240  158.1060  400139.3600  0.0000  30.3990  0.0000  2529.6990  11.1250  0.0000  39.5350  0.0000  6.0950  134000.2560  2240.0010  31.1420  123.5310  96.7560  171.6310  41376.1280  0.0000  27.5990  0.0000  2746.1000  3.7170  0.0000  42.9100  0.0000  
6.0950  134000.2560  2240.0010  31.1420  113.4990  88.4240  158.1060  400139.3600  0.0000  30.3990  0.0000  2529.6990  11.1250  0.0000  39.5350  0.0000  6.0950  134000.2560  2240.0010  31.1420  123.5310  96.7560  171.6310  41376.1280  0.0000  27.5990  0.0000  2746.1000  3.7170  0.0000  42.9100  0.0000  
6.0950  134000.2560  2240.0010  31.1420  113.4990  88.4240  158.1060  400139.3600  0.0000  30.3990  0.0000  2529.6990  11.1250  0.0000  39.5350  0.0000  6.0950  134000.2560  2240.0010  31.1420  123.5310  96.7560  171.6310  41376.1280  0.0000  27.5990  0.0000  2746.1000  3.7170  0.0000  42.9100  0.0000  
6.0950  134000.2560  2240.0010  31.1420  113.4990  88.4240  158.1060  400139.3600  0.0000  30.3990  0.0000  2529.6990  11.1250  0.0000  39.5350  0.0000  6.0950  134000.2560  2240.0010  31.1420  123.5310  96.7560  171.6310  41376.1280  0.0000  27.5990  0.0000  2746.1000  3.7170  0.0000  42.9100  0.0000  
6.0950  134000.2560  2240.0010  31.1420  113.4990  88.4240  158.1060  400139.3600  0.0000  30.3990  0.0000  2529.6990  11.1250  0.0000  39.5350  0.0000  6.0950  134000.2560  2240.0010  31.1420  123.5310  96.7560  171.6310  41376.1280  0.0000  27.5990  0.0000  2746.1000  3.7170  0.0000  42.9100  0.0000  
6.0950  134000.2560  2240.0010  31.1420  113.4990  88.4240  158.1060  400139.3600  0.0000  30.3990  0.0000  2529.6990  11.1250  0.0000  39.5350  0.0000  6.0950  134000.2560  2240.0010  31.1420  123.5310  96.7560  171.6310  41376.1280  0.0000  27.5990  0.0000  2746.1000  3.7170  0.0000  42.9100  0.0000  
6.0950  134000.2560  2240.0010  31.1420  113.4990  88.4240  158.1060  400139.3600  0.0000  30.3990  0.0000  2529.6990  11.1250  0.0000  39.5350  0.0000  6.0950  134000.2560  2240.0010  31.1420  123.5310  96.7560  171.6310  41376.1280  0.0000  27.5990  0.0000  2746.1000  3.7170  0.0000  42.9100  0.0000  
6.0950  134000.2560  2240.0010  31.1420  113.4990  88.4240  158.1060  400139.3600  0.0000  30.3990  0.0000  2529.6990  11.1250  0.0000  39.5350  0.0000  6.0950  134000.2560  2240.0010  31.1420  123.5310  96.7560  171.6310  41376.1280  0.0000  27.5990  0.0000  2746.1000  3.7170  0.0000  42.9100  0.0000  
6.0950  134000.2560  2240.0010  31.1420  113.4990  88.4240  158.1060  400139.3600  0.0000  30.3990  0.0000  2529.6990  11.1250  0.0000  39.5350  0.0000  6.0950  134000.2560  2240.0010  31.1420  123.5310  96.7560  171.6310  41376.1280  0.0000  27.5990  0.0000  2746.1000  3.7170  0.0000  42.9100  0.0000  
6.0950  134000.2560  2240.0010  31.1420  113.4990  88.4240  158.1060  400139.3600  0.0000  30.3990  0.0000  2529.6990  11.1250  0.0000  39.5350  0.0000  6.0950  134000.2560  2240.0010  31.1420  123.5310  96.7560  171.6310  41376.1280  0.0000  27.5990  0.0000  2746.1000  3.7170  0.0000  42.9100  0.0000  
6.0950  134000.2560  2240.0010  31.1420  113.4990  88.4240  158.1060  400139.3600  0.0000  30.3990  0.0000  2529.6990  11.1250  0.0000  39.5350  0.0000  6.0950  134000.2560  2240.0010  31.1420  123.5310  96.7560  171.6310  41376.1280  0.0000  27.5990  0.0000  2746.1000  3.7170  0.0000  42.9100  0.0000  
6.0950  134000.2560  2240.0010  31.1420  113.4990  88.4240  158.1060  400139.3600  0.0000  30.3990  0.0000  2529.6990  11.1250  0.0000  39.5350  0.0000  6.0950  134000.2560  2240.0010  31.1420  123.5310  96.7560  171.6310  41376.1280  0.0000  27.5990  0.0000  2746.1000  3.7170  0.0000  42.9100  0.0000  
6.0950  134000.2560  2240.0010  31.1420  113.4990  88.4240  158.1060  400139.3600  0.0000  30.3990  0.0000  2529.6990  11.1250  0.0000  39.5350  0.0000  6.0950  134000.2560  2240.0010  31.1420  123.5310  96.7560  171.6310  41376.1280  0.0000  27.5990  0.0000  2746.1000  3.7170  0.0000  42.9100  0.0000  
6.0950  134000.2560  2240.0010  31.1420  113.4990  88.4240  158.1060  400139.3600  0.0000  30.3990  0.0000  2529.6990  11.1250  0.0000  39.5350  0.0000  6.0950  134000.2560  2240.0010  31.1420  123.5310  96.7560  171.6310  41376.1280  0.0000  27.5990  0.0000  2746.1000  3.7170  0.0000  42.9100  0.0000  
6.0950  134000.2560  2240.0010  31.1420  113.4990  88.4240  158.1060  400139.3600  0.0000  30.3990  0.0000  2529.6990  11.1250  0.0000  39.5350  0.0000  6.0950  134000.2560  2240.0010  31.1420  123.5310  96.7560  171.6310  41376.1280  0.0000  27.5990  0.0000  2746.1000  3.7170  0.0000  42.9100  0.0000  
6.0950  134000.2560  2240.0010  31.1420  113.4990  88.4240  158.1060  400139.3600  0.0000  30.3990  0.0000  2529.6990  11.1250  0.0000  39.5350  0.0000  6.0950  134000.2560  2240.0010  31.1420  123.5310  96.7560  171.6310  41376.1280  0.0000  27.5990  0.0000  2746.1000  3.7170  0.0000  42.9100  0.0000  
6.0950  134000.2560  2240.0010  31.1420  113.4990  88.4240  158.1060  400139.3600  0.0000  30.3990  0.0000  2529.6990  11.1250  0.0000  39.5350  0.0000  6.0950  134000.2560  2240.0010  31.1420  123.5310  96.7560  171.6310  41376.1280  0.0000  27.5990  0.0000  2746.1000  3.7170  0.0000  42.9100  0.0000  
6.0950  134000.2560  2240.0010  31.1420  113.4990  88.4240  158.1060  400139.3600  0.0000  30.3990  0.0000  2529.6990  11.1250  0.0000  39.5350  0.0000  6.0950  134000.2560  2240.0010  31.1420  123.5310  96.7560  171.6310  41376.1280  0.0000  27.5990  0.0000  2746.1000  3.7170  0.0000  42.9100  0.0000  
6.0950  134000.2560  2240.0010  31.1420  113.4990  88.4240  158.1060  400139.3600  0.0000  30.3990  0.0000  2529.6990  11.1250  0.0000  39.5350  0.0000  6.0950  134000.2560  2240.0010  31.1420  123.5310  96.7560  171.6310  41376.1280  0.0000  27.5990  0.0000  2746.1000  3.7170  0.0000  42.9100  0.0000  
6.0950  134000.2560  2240.0010  31.1420  113.4990  88.4240  158.1060  400139.3600  0.0000  30.3990  0.0000  2529.6990  11.1250  0.0000  39.5350  0.0000  6.0950  134000.2560  2240.0010  31.1420  123.5310  96.7560  171.6310  41376.1280  0.0000  27.5990  0.0000  2746.1000  3.7170  0.0000  42.9100  0.0000  
6.0950  134000.2560  2240.0010  31.1420  113.4990  88.4240  158.1060  400139.3600  0.0000  30.3990  0.0000  2529.6990  11.1250  0.0000  39.5350  0.0000  6.0950  134000.2560  2240.0010  31.1420  123.5310  96.7560  171.6310  41376.1280  0.0000  27.5990  0.0000  2746.1000  3.7170  0.0000  42.9100  0.0000  
6.0950  134000.2560  2240.0010  31.1420  113.4990  88.4240  158.1060  400139.3600  0.0000  30.3990  0.0000  2529.6990  11.1250  0.0000  39.5350  0.0000  6.0950  134000.2560  2240.0010  31.1420  123.5310  96.7560  171.6310  41376.1280  0.0000  27.5990  0.0000  2746.1000  3.7170  0.0000  42.9100  0.0000  
6.0950  134000.2560  2240.0010  31.1420  113.4990  88.4240  158.1060  400139.3600  0.0000  30.3990  0.0000  2529.6990  11.1250  0.0000  39.5350  0.0000  6.0950  134000.2560  2240.0010  31.1420  123.5310  96.7560  171.6310  41376.1280  0.0000  27.5990  0.0000  2746.1000  3.7170  0.0000  42.9100  0.0000  
