A涃+_me_鮡?m鮡A5e[_}e[锦錋烍.880  2.410  1.480  1.240  7.000  1.490  2.480  .000  2.990  .000  1.990  1.620  .000  4.020  .000  1.010  6.880  2.410  1.480  1.740  8.000  1.500  2.880  .000  2.990  .000  1.000  4.260  .000  5.740  .000  
1.010  6.880  2.410  1.480  1.240  7.000  1.490  2.480  .000  2.990  .000  1.990  1.620  .000  4.020  .000  1.010  6.880  2.410  1.480  1.740  8.000  1.500  2.880  .000  2.990  .000  1.000  4.260  .000  5.740  .000  
1.010  6.880  2.410  1.480  1.240  7.000  1.490  2.480  .000  2.990  .000  1.990  1.620  .000  4.020  .000  1.010  6.880  2.410  1.480  1.740  8.000  1.500  2.880  .000  2.990  .000  1.000  4.260  .000  5.740  .000  
1.010  6.880  2.410  1.480  1.240  7.000  1.490  2.480  .000  2.990  .000  1.990  1.620  .000  4.020  .000  1.010  6.880  2.410  1.480  1.740  8.000  1.500  2.880  .000  2.990  .000  1.000  4.260  .000  5.740  .000  
1.010  6.880  2.410  1.480  1.240  7.000  1.490  2.480  .000  2.990  .000  1.990  1.620  .000  4.020  .000  1.010  6.880  2.410  1.480  1.740  8.000  1.500  2.880  .000  2.990  .000  1.000  4.260  .000  5.740  .000  
1.010  6.880  2.410  1.480  1.240  7.000  1.490  2.480  .000  2.990  .000  1.990  1.620  .000  4.020  .000  1.010  6.880  2.410  1.480  1.740  8.000  1.500  2.880  .000  2.990  .000  1.000  4.260  .000  5.740  .000  
1.010  6.880  2.410  1.480  1.240  7.000  1.490  2.480  .000  2.990  .000  1.990  1.620  .000  4.020  .000  1.010  6.880  2.410  1.480  1.740  8.000  1.500  2.880  .000  2.990  .000  1.000  4.260  .000  5.740  .000  
1.010  6.880  2.410  1.480  1.240  7.000  1.490  2.480  .000  2.990  .000  1.990  1.620  .000  4.020  .000  1.010  6.880  2.410  1.480  1.740  8.000  1.500  2.880  .000  2.990  .000  1.000  4.260  .000  5.740  .000  
1.010  6.880  2.410  1.480  1.240  7.000  1.490  2.480  .000  2.990  .000  1.990  1.620  .000  4.020  .000  1.010  6.880  2.410  1.480  1.740  8.000  1.500  2.880  .000  2.990  .000  1.000  4.260  .000  5.740  .000  
1.010  6.880  2.410  1.480  1.240  7.000  1.490  2.480  .000  2.990  .000  1.990  1.620  .000  4.020  .000  1.010  6.880  2.410  1.480  1.740  8.000  1.500  2.880  .000  2.990  .000  1.000  4.260  .000  5.740  .000  
1.010  6.880  2.410  1.480  1.240  7.000  1.490  2.480  .000  2.990  .000  1.990  1.620  .000  4.020  .000  1.010  6.880  2.410  1.480  1.740  8.000  1.500  2.880  .000  2.990  .000  1.000  4.260  .000  5.740  .000  
1.010  6.880  2.410  1.480  1.240  7.000  1.490  2.480  .000  2.990  .000  1.990  1.620  .000  4.020  .000  1.010  6.880  2.410  1.480  1.740  8.000  1.500  2.880  .000  2.990  .000  1.000  4.260  .000  5.740  .000  
1.010  6.880  2.410  1.480  1.240  7.000  1.490  2.480  .000  2.990  .000  1.990  1.620  .000  4.020  .000  1.010  6.880  2.410  1.480  1.740  8.000  1.500  2.880  .000  2.990  .000  1.000  4.260  .000  5.740  .000  
1.010  6.880  2.410  1.480  1.240  7.000  1.490  2.480  .000  2.990  .000  1.990  1.620  .000  4.020  .000  1.010  6.880  2.410  1.480  1.740  8.000  1.500  2.880  .000  2.990  .000  1.000  4.260  .000  5.740  .000  
1.010  6.880  2.410  1.480  1.240  7.000  1.490  2.480  .000  2.990  .000  1.990  1.620  .000  4.020  .000  1.010  6.880  2.410  1.480  1.740  8.000  1.500  2.880  .000  2.990  .000  1.000  4.260  .000  5.740  .000  
1.010  6.880  2.410  1.480  1.240  7.000  1.490  2.480  .000  2.990  .000  1.990  1.620  .000  4.020  .000  1.010  6.880  2.410  1.480  1.740  8.000  1.500  2.880  .000  2.990  .000  1.000  4.260  .000  5.740  .000  
1.010  6.880  2.410  1.480  1.240  7.000  1.490  2.480  .000  2.990  .000  1.990  1.620  .000  4.020  .000  1.010  6.880  2.410  1.480  1.740  8.000  1.500  2.880  .000  2.990  .000  1.000  4.260  .000  5.740  .000  
1.010  6.880  2.410  1.480  1.240  7.000  1.490  2.480  .000  2.990  .000  1.990  1.620  .000  4.020  .000  1.010  6.880  2.410  1.480  1.740  8.000  1.500  2.880  .000  2.990  .000  1.000  4.260  .000  5.740  .000  
1.010  6.880  2.410  1.480  1.240  7.000  1.490  2.480  .000  2.990  .000  1.990  1.620  .000  4.020  .000  1.010  6.880  2.410  1.480  1.740  8.000  1.500  2.880  .000  2.990  .000  1.000  4.260  .000  5.740  .000  
1.010  6.880  2.410  1.480  1.240  7.000  1.490  2.480  .000  2.990  .000  1.990  1.620  .000  4.020  .000  1.010  6.880  2.410  1.480  1.740  8.000  1.500  2.880  .000  2.990  .000  1.000  4.260  .000  5.740  .000  
1.010  6.880  2.410  1.480  1.240  7.000  1.490  2.480  .000  2.990  .000  1.990  1.620  .000  4.020  .000  1.010  6.880  2.410  1.480  1.740  8.000  1.500  2.880  .000  2.990  .000  1.000  4.260  .000  5.740  .000  
1.010  6.880  2.410  1.480  1.240  7.000  1.490  2.480  .000  2.990  .000  1.990  1.620  .000  4.020  .000  1.010  6.880  2.410  1.480  1.740  8.000  1.500  2.880  .000  2.990  .000  1.000  4.260  .000  5.740  .000  
1.010  6.880  2.410  1.480  1.240  7.000  1.490  2.480  .000  2.990  .000  1.990  1.620  .000  4.020  .000  1.010  6.880  2.410  1.480  1.740  8.000  1.500  2.880  .000  2.990  .000  1.000  4.260  .000  5.740  .000  
1.010  6.880  2.410  1.480  1.240  7.000  1.490  2.480  .000  2.990  .000  1.990  1.620  .000  4.020  .000  1.010  6.880  2.410  1.480  1.740  8.000  1.500  2.880  .000  2.990  .000  1.000  4.260  .000  5.740  .000  
1.010  6.880  2.410  1.480  1.240  7.000  1.490  2.480  .000  2.990  .000  1.990  1.620  .000  4.020  .000  1.010  6.880  2.410  1.480  1.740  8.000  1.500  2.880  .000  2.990  .000  1.000  4.260  .000  5.740  .000  
1.010  6.880  2.410  1.480  1.240  7.000  1.490  2.480  .000  2.990  .000  1.990  1.620  .000  4.020  .000  1.010  6.880  2.410  1.480  1.740  8.000  1.500  2.880  .000  2.990  .000  1.000  4.260  .000  5.740  .000  
1.010  6.880  2.410  1.480  1.240  7.000  1.490  2.480  .000  2.990  .000  1.990  1.620  .000  4.020  .000  1.010  6.880  2.410  1.480  1.740  8.000  1.500  2.880  .000  2.990  .000  1.000  4.260  .000  5.740  .000  
1.010  6.880  2.410  1.480  1.240  7.000  1.490  2.480  .000  2.990  .000  1.990  1.620  .000  4.020  .000  1.010  6.880  2.410  1.480  1.740  8.000  1.500  2.880  .000  2.990  .000  1.000  4.260  .000  5.740  .000  
1.010  6.880  2.410  1.480  1.240  7.000  1.490  2.480  .000  2.990  .000  1.990  1.620  .000  4.020  .000  1.010  6.880  2.410  1.480  1.740  8.000  1.500  2.880  .000  2.990  .000  1.000  4.260  .000  5.740  .000  
1.010  6.880  2.410  1.480  1.240  7.000  1.490  2.480  .000  2.990  .000  1.990  1.620  .000  4.020  .000  1.010  6.880  2.410  1.480  1.740  8.000  1.500  2.880  .000  2.990  .000  1.000  4.260  .000  5.740  .000  
1.010  6.880  2.410  1.480  1.240  7.000  1.490  2.480  .000  2.990  .000  1.990  1.620  .000  4.020  .000  1.010  6.880  2.410  1.480  1.740  8.000  1.500  2.880  .000  2.990  .000  1.000  4.260  .000  5.740  .000  
1.010  6.880  2.410  1.480  1.240  7.000  1.490  2.480  .000  2.990  .000  1.990  1.620  .000  4.020  .000  1.010  6.880  2.410  1.480  1.740  8.000  1.500  2.880  .000  2.990  .000  1.000  4.260  .000  5.740  .000  
1.010  6.880  2.410  1.480  1.240  7.000  1.490  2.480  .000  2.990  .000  1.990  1.620  .000  4.020  .000  1.010  6.880  2.410  1.480  1.740  8.000  1.500  2.880  .000  2.990  .000  1.000  4.260  .000  5.740  .000  
1.010  6.880  2.410  1.480  1.240  7.000  1.490  2.480  .000  2.990  .000  1.990  1.620  .000  4.020  .000  1.010  6.880  2.410  1.480  1.740  8.000  1.500  2.880  .000  2.990  .000  1.000  4.260  .000  5.740  .000  
1.010  6.880  2.410  1.480  1.240  7.000  1.490  2.480  .000  2.990  .000  1.990  1.620  .000  4.020  .000  1.010  6.880  2.410  1.480  1.740  8.000  1.500  2.880  .000  2.990  .000  1.000  4.260  .000  5.740  .000  
1.010  6.880  2.410  1.480  1.240  7.000  1.490  2.480  .000  2.990  .000  1.990  1.620  .000  4.020  .000  1.010  6.880  2.410  1.480  1.740  8.000  1.500  2.880  .000  2.990  .000  1.000  4.260  .000  5.740  .000  
1.010  6.880  2.410  1.480  1.240  7.000  1.490  2.480  .000  2.990  .000  1.990  1.620  .000  4.020  .000  1.010  6.880  2.410  1.480  1.740  8.000  1.500  2.880  .000  2.990  .000  1.000  4.260  .000  5.740  .000  
1.010  6.880  2.410  1.480  1.240  7.000  1.490  2.480  .000  2.990  .000  1.990  1.620  .000  4.020  .000  1.010  6.880  2.410  1.480  1.740  8.000  1.500  2.880  .000  2.990  .000  1.000  4.260  .000  5.740  .000  
1.010  6.880  2.410  1.480  1.240  7.000  1.490  2.480  .000  2.990  .000  1.990  1.620  .000  4.020  .000  1.010  6.880  2.410  1.480  1.740  8.000  1.500  2.880  .000  2.990  .000  1.000  4.260  .000  5.740  .000  
1.010  6.880  2.410  1.480  1.240  7.000  1.490  2.480  .000  2.990  .000  1.990  1.620  .000  4.020  .000  1.010  6.880  2.410  1.480  1.740  8.000  1.500  2.880  .000  2.990  .000  1.000  4.260  .000  5.740  .000  
1.010  6.880  2.410  1.480  1.240  7.000  1.490  2.480  .000  2.990  .000  1.990  1.620  .000  4.020  .000  1.010  6.880  2.410  1.480  1.740  8.000  1.500  2.880  .000  2.990  .000  1.000  4.260  .000  5.740  .000  
1.010  6.880  2.410  1.480  1.240  7.000  1.490  2.480  .000  2.990  .000  1.990  1.620  .000  4.020  .000  1.010  6.880  2.410  1.480  1.740  8.000  1.500  2.880  .000  2.990  .000  1.000  4.260  .000  5.740  .000  
1.010  6.880  2.410  1.480  1.240  7.000  1.490  2.480  .000  2.990  .000  1.990  1.620  .000  4.020  .000  1.010  6.880  2.410  1.480  1.740  8.000  1.500  2.880  .000  2.990  .000  1.000  4.260  .000  5.740  .000  
1.010  6.880  2.410  1.480  1.240  7.000  1.490  2.480  .000  2.990  .000  1.990  1.620  .000  4.020  .000  1.010  6.880  2.410  1.480  1.740  8.000  1.500  2.880  .000  2.990  .000  1.000  4.260  .000  5.740  .000  
1.010  6.880  2.410  1.480  1.240  7.000  1.490  2.480  .000  2.990  .000  1.990  1.620  .000  4.020  .000  1.010  6.880  2.410  1.480  1.740  8.000  1.500  2.880  .000  2.990  .000  1.000  4.260  .000  5.740  .000  
1.010  6.880  2.410  1.480  1.240  7.000  1.490  2.480  .000  2.990  .000  1.990  1.620  .000  4.020  .000  1.010  6.880  2.410  1.480  1.740  8.000  1.500  2.880  .000  2.990  .000  1.000  4.260  .000  5.740  .000  
1.010  6.880  2.410  1.480  1.240  7.000  1.490  2.480  .000  2.990  .000  1.990  1.620  .000  4.020  .000  1.010  6.880  2.410  1.480  1.740  8.000  1.500  2.880  .000  2.990  .000  1.000  4.260  .000  5.740  .000  
1.010  6.880  2.410  1.480  1.240  7.000  1.490  2.480  .000  2.990  .000  1.990  1.620  .000  4.020  .000  1.010  6.880  2.410  1.480  1.740  8.000  1.500  2.880  .000  2.990  .000  1.000  4.260  .000  5.740  .000  
1.010  6.880  2.410  1.480  1.240  7.000  1.490  2.480  .000  2.990  .000  1.990  1.620  .000  4.020  .000  1.010  6.880  2.410  1.480  1.740  8.000  1.500  2.880  .000  2.990  .000  1.000  4.260  .000  5.740  .000  
1.010  6.880  2.410  1.480  1.240  7.000  1.490  2.480  .000  2.990  .000  1.990  1.620  .000  4.020  .000  1.010  6.880  2.410  1.480  1.740  8.000  1.500  2.880  .000  2.990  .000  1.000  4.260  .000  5.740  .000  
1.010  6.880  2.410  1.480  1.240  7.000  1.490  2.480  .000  2.990  .000  1.990  1.620  .000  4.020  .000  1.010  6.880  2.410  1.480  1.740  8.000  1.500  2.880  .000  2.990  .000  1.000  4.260  .000  5.740  .000  
1.010  6.880  2.410  1.480  1.240  7.000  1.490  2.480  .000  2.990  .000  1.990  1.620  .000  4.020  .000  1.010  6.880  2.410  1.480  1.740  8.000  1.500  2.880  .000  2.990  .000  1.000  4.260  .000  5.740  .000  
1.010  6.880  2.410  1.480  1.240  7.000  1.490  2.480  .000  2.990  .000  1.990  1.620  .000  4.020  .000  1.010  6.880  2.410  1.480  1.740  8.000  1.500  2.880  .000  2.990  .000  1.000  4.260  .000  5.740  .000  
1.010  6.880  2.410  1.480  1.240  7.000  1.490  2.480  .000  2.990  .000  1.990  1.620  .000  4.020  .000  1.010  6.880  2.410  1.480  1.740  8.000  1.500  2.880  .000  2.990  .000  1.000  4.260  .000  5.740  .000  
1.010  6.880  2.410  1.480  1.240  7.000  1.490  2.480  .000  2.990  .000  1.990  1.620  .000  4.020  .000  1.010  6.880  2.410  1.480  1.740  8.000  1.500  2.880  .000  2.990  .000  1.000  4.260  .000  5.740  .000  
1.010  6.880  2.410  1.480  1.240  7.000  1.490  2.480  .000  2.990  .000  1.990  1.620  .000  4.020  .000  1.010  6.880  2.410  1.480  1.740  8.000  1.500  2.880  .000  2.990  .000  1.000  4.260  .000  5.740  .000  
1.010  6.880  2.410  1.480  1.240  7.000  1.490  2.480  .000  2.990  .000  1.990  1.620  .000  4.020  .000  1.010  6.880  2.410  1.480  1.740  8.000  1.500  2.880  .000  2.990  .000  1.000  4.260  .000  5.740  .000  
1.010  6.880  2.410  1.480  1.240  7.000  1.490  2.480  .000  2.990  .000  1.990  1.620  .000  4.020  .000  1.010  6.880  2.410  1.480  1.740  8.000  1.500  2.880  .000  2.990  .000  1.000  4.260  .000  5.740  .000  
1.010  6.880  2.410  1.480  1.240  7.000  1.490  2.480  .000  2.990  .000  1.990  1.620  .000  4.020  .000  1.010  6.880  2.410  1.480  1.740  8.000  1.500  2.880  .000  2.990  .000  1.000  4.260  .000  5.740  .000  
1.010  6.880  2.410  1.480  1.240  7.000  1.490  2.480  .000  2.990  .000  1.990  1.620  .000  4.020  .000  1.010  6.880  2.410  1.480  1.740  8.000  1.500  2.880  .000  2.990  .000  1.000  4.260  .000  5.740  .000  
1.010  6.880  2.410  1.480  1.240  7.000  1.490  2.480  .000  2.990  .000  1.990  1.620  .000  4.020  .000  1.010  6.880  2.410  1.480  1.740  8.000  1.500  2.880  .000  2.990  .000  1.000  4.260  .000  5.740  .000  
1.010  6.880  2.410  1.480  1.240  7.000  1.490  2.480  .000  2.990  .000  1.990  1.620  .000  4.020  .000  1.010  6.880  2.410  1.480  1.740  8.000  1.500  2.880  .000  2.990  .000  1.000  4.260  .000  5.740  .000  
1.010  6.880  2.410  1.480  1.240  7.000  1.490  2.480  .000  2.990  .000  1.990  1.620  .000  4.020  .000  1.010  6.880  2.410  1.480  1.740  8.000  1.500  2.880  .000  2.990  .000  1.000  4.260  .000  5.740  .000  
1.010  6.880  2.410  1.480  1.240  7.000  1.490  2.480  .000  2.990  .000  1.990  1.620  .000  4.020  .000  1.010  6.880  2.410  1.480  1.740  8.000  1.500  2.880  .000  2.990  .000  1.000  4.260  .000  5.740  .000  
1.010  6.880  2.410  1.480  1.240  7.000  1.490  2.480  .000  2.990  .000  1.990  1.620  .000  4.020  .000  1.010  6.880  2.410  1.480  1.740  8.000  1.500  2.880  .000  2.990  .000  1.000  4.260  .000  5.740  .000  
1.010  6.880  2.410  1.480  1.240  7.000  1.490  2.480  .000  2.990  .000  1.990  1.620  .000  4.020  .000  1.010  6.880  2.410  1.480  1.740  8.000  1.500  2.880  .000  2.990  .000  1.000  4.260  .000  5.740  .000  
1.010  6.880  2.410  1.480  1.240  7.000  1.490  2.480  .000  2.990  .000  1.990  1.620  .000  4.020  .000  1.010  6.880  2.410  1.480  1.740  8.000  1.500  2.880  .000  2.990  .000  1.000  4.260  .000  5.740  .000  
1.010  6.880  2.410  1.480  1.240  7.000  1.490  2.480  .000  2.990  .000  1.990  1.620  .000  4.020  .000  1.010  6.880  2.410  1.480  1.740  8.000  1.500  2.880  .000  2.990  .000  1.000  4.260  .000  5.740  .000  
1.010  6.880  2.410  1.480  1.240  7.000  1.490  2.480  .000  2.990  .000  1.990  1.620  .000  4.020  .000  1.010  6.880  2.410  1.480  1.740  8.000  1.500  2.880  .000  2.990  .000  1.000  4.260  .000  5.740  .000  
1.010  6.880  2.410  1.480  1.240  7.000  1.490  2.480  .000  2.990  .000  1.990  1.620  .000  4.020  .000  1.010  6.880  2.410  1.480  1.740  8.000  1.500  2.880  .000  2.990  .000  1.000  4.260  .000  5.740  .000  
1.010  6.880  2.410  1.480  1.240  7.000  1.490  2.480  .000  2.990  .000  1.990  1.620  .000  4.020  .000  1.010  6.880  2.410  1.480  1.740  8.000  1.500  2.880  .000  2.990  .000  1.000  4.260  .000  5.740  .000  
1.010  6.880  2.410  1.480  1.240  7.000  1.490  2.480  .000  2.990  .000  1.990  1.620  .000  4.020  .000  1.010  6.880  2.410  1.480  1.740  8.000  1.500  2.880  .000  2.990  .000  1.000  4.260  .000  5.740  .000  
1.010  6.880  2.410  1.480  1.240  7.000  1.490  2.480  .000  2.990  .000  1.990  1.620  .000  4.020  .000  1.010  6.880  2.410  1.480  1.740  8.000  1.500  2.880  .000  2.990  .000  1.000  4.260  .000  5.740  .000  
1.010  6.880  2.410  1.480  1.240  7.000  1.490  2.480  .000  2.990  .000  1.990  1.620  .000  4.020  .000  1.010  6.880  2.410  1.480  1.740  8.000  1.500  2.880  .000  2.990  .000  1.000  4.260  .000  5.740  .000  
1.010  6.880  2.410  1.480  1.240  7.000  1.490  2.480  .000  2.990  .000  1.990  1.620  .000  4.020  .000  1.010  6.880  2.410  1.480  1.740  8.000  1.500  2.880  .000  2.990  .000  1.000  4.260  .000  5.740  .000  
1.010  6.880  2.410  1.480  1.240  7.000  1.490  2.480  .000  2.990  .000  1.990  1.620  .000  4.020  .000  1.010  6.880  2.410  1.480  1.740  8.000  1.500  2.880  .000  2.990  .000  1.000  4.260  .000  5.740  .000  
1.010  6.880  2.410  1.480  1.240  7.000  1.490  2.480  .000  2.990  .000  1.990  1.620  .000  4.020  .000  1.010  6.880  2.410  1.480  1.740  8.000  1.500  2.880  .000  2.990  .000  1.000  4.260  .000  5.740  .000  
1.010  6.880  2.410  1.480  1.240  7.000  1.490  2.480  .000  2.990  .000  1.990  1.620  .000  4.020  .000  1.010  6.880  2.410  1.480  1.740  8.000  1.500  2.880  .000  2.990  .000  1.000  4.260  .000  5.740  .000  
1.010  6.880  2.410  1.480  1.240  7.000  1.490  2.480  .000  2.990  .000  1.990  1.620  .000  4.020  .000  1.010  6.880  2.410  1.480  1.740  8.000  1.500  2.880  .000  2.990  .000  1.000  4.260  .000  5.740  .000  
1.010  6.880  2.410  1.480  1.240  7.000  1.490  2.480  .000  2.990  .000  1.990  1.620  .000  4.020  .000  1.010  6.880  2.410  1.480  1.740  8.000  1.500  2.880  .000  2.990  .000  1.000  4.260  .000  5.740  .000  
1.010  6.880  2.410  1.480  1.240  7.000  1.490  2.480  .000  2.990  .000  1.990  1.620  .000  4.020  .000  1.010  6.880  2.410  1.480  1.740  8.000  1.500  2.880  .000  2.990  .000  1.000  4.260  .000  5.740  .000  
1.010  6.880  2.410  1.480  1.240  7.000  1.490  2.480  .000  2.990  .000  1.990  1.620  .000  4.020  .000  1.010  6.880  2.410  1.480  1.740  8.000  1.500  2.880  .000  2.990  .000  1.000  4.260  .000  5.740  .000  
1.010  6.880  2.410  1.480  1.240  7.000  1.490  2.480  .000  2.990  .000  1.990  1.620  .000  4.020  .000  1.010  6.880  2.410  1.480  1.740  8.000  1.500  2.880  .000  2.990  .000  1.000  4.260  .000  5.740  .000  
1.010  6.880  2.410  1.480  1.240  7.000  1.490  2.480  .000  2.990  .000  1.990  1.620  .000  4.020  .000  1.010  6.880  2.410  1.480  1.740  8.000  1.500  2.880  .000  2.990  .000  1.000  4.260  .000  5.740  .000  
1.010  6.880  2.410  1.480  1.240  7.000  1.490  2.480  .000  2.990  .000  1.990  1.620  .000  4.020  .000  1.010  6.880  2.410  1.480  1.740  8.000  1.500  2.880  .000  2.990  .000  1.000  4.260  .000  5.740  .000  
1.010  6.880  2.410  1.480  1.240  7.000  1.490  2.480  .000  2.990  .000  1.990  1.620  .000  4.020  .000  1.010  6.880  2.410  1.480  1.740  8.000  1.500  2.880  .000  2.990  .000  1.000  4.260  .000  5.740  .000  
1.010  6.880  2.410  1.480  1.240  7.000  1.490  2.480  .000  2.990  .000  1.990  1.620  .000  4.020  .000  1.010  6.880  2.410  1.480  1.740  8.000  1.500  2.880  .000  2.990  .000  1.000  4.260  .000  5.740  .000  
1.010  6.880  2.410  1.480  1.240  7.000  1.490  2.480  .000  2.990  .000  1.990  1.620  .000  4.020  .000  1.010  6.880  2.410  1.480  1.740  8.000  1.500  2.880  .000  2.990  .000  1.000  4.260  .000  5.740  .000  
1.010  6.880  2.410  1.480  1.240  7.000  1.490  2.480  .000  2.990  .000  1.990  1.620  .000  4.020  .000  1.010  6.880  2.410  1.480  1.740  8.000  1.500  2.880  .000  2.990  .000  1.000  4.260  .000  5.740  .000  
1.010  6.880  2.410  1.480  1.240  7.000  1.490  2.480  .000  2.990  .000  1.990  1.620  .000  4.020  .000  1.010  6.880  2.410  1.480  1.740  8.000  1.500  2.880  .000  2.990  .000  1.000  4.260  .000  5.740  .000  
1.010  6.880  2.410  1.480  1.240  7.000  1.490  2.480  .000  2.990  .000  1.990  1.620  .000  4.020  .000  1.010  6.880  2.410  1.480  1.740  8.000  1.500  2.880  .000  2.990  .000  1.000  4.260  .000  5.740  .000  
1.010  6.880  2.410  1.480  1.240  7.000  1.490  2.480  .000  2.990  .000  1.990  1.620  .000  4.020  .000  1.010  6.880  2.410  1.480  1.740  8.000  1.500  2.880  .000  2.990  .000  1.000  4.260  .000  5.740  .000  
1.010  6.880  2.410  1.480  1.240  7.000  1.490  2.480  .000  2.990  .000  1.990  1.620  .000  4.020  .000  1.010  6.880  2.410  1.480  1.740  8.000  1.500  2.880  .000  2.990  .000  1.000  4.260  .000  5.740  .000  
1.010  6.880  2.410  1.480  1.240  7.000  1.490  2.480  .000  2.990  .000  1.990  1.620  .000  4.020  .000  1.010  6.880  2.410  1.480  1.740  8.000  1.500  2.880  .000  2.990  .000  1.000  4.260  .000  5.740  .000  
1.010  6.880  2.410  1.480  1.240  7.000  1.490  2.480  .000  2.990  .000  1.990  1.620  .000  4.020  .000  1.010  6.880  2.410  1.480  1.740  8.000  1.500  2.880  .000  2.990  .000  1.000  4.260  .000  5.740  .000  
1.010  6.880  2.410  1.480  1.240  7.000  1.490  2.480  .000  2.990  .000  1.990  1.620  .000  4.020  .000  1.010  6.880  2.410 