2965.2850  90802.2640  1532.2360  2631.9530  2.1480  1.5180  2.8690  539.0570  0.0000  3.1540  0.0000  183.6630  0.1870  0.0000  0.3620  0.0000  2965.2850  90802.2640  1532.2360  2631.9530  2.0170  1.3980  2.7200  473.8490  0.0000  1.1160  0.0000  174.1320  0.0010  0.0000  0.3400  0.0000  
2965.9900  90696.9760  1506.4640  2645.6870  2.1630  1.5190  2.9000  546.7960  0.0000  3.1870  0.0000  185.6010  0.1330  0.0000  0.3650  0.0000  2965.9900  90696.9760  1506.4640  2645.6870  2.0410  1.4170  2.7510  484.5550  0.0000  0.7970  0.0000  176.0920  0.0000  0.0000  0.3430  0.0000  
2965.9780  90739.7600  1506.7110  2645.7460  2.1640  1.5190  2.9000  547.0320  0.0000  3.2350  0.0000  185.6420  0.1330  0.0000  0.3650  0.0000  2965.9780  90739.7600  1506.7110  2645.7460  2.0260  1.4050  2.7330  478.1690  0.0000  0.8730  0.0000  174.9260  0.0000  0.0000  0.3410  0.0000  
2965.9710  90718.4720  1506.6230  2645.5760  2.1630  1.5190  2.9000  546.9370  0.0000  3.1760  0.0000  185.6260  0.1330  0.0000  0.3650  0.0000  2965.9710  90718.4720  1506.6230  2645.5760  2.0290  1.4080  2.7350  479.0460  0.0000  0.8560  0.0000  175.0870  0.0000  0.0000  0.3410  0.0000  
2965.9580  90713.6000  1506.5080  2645.7030  2.1630  1.5190  2.9000  546.8780  0.0000  3.2250  0.0000  185.6160  0.1330  0.0000  0.3650  0.0000  2965.9580  90713.6000  1506.5080  2645.7030  2.0490  1.4230  2.7620  488.2810  0.0000  0.7480  0.0000  176.7690  0.0000  0.0000  0.3450  0.0000  
2965.9710  90715.2000  1506.5250  2645.6810  2.1630  1.5190  2.9000  546.8190  0.0000  3.1900  0.0000  185.6050  0.1330  0.0000  0.3650  0.0000  2965.9710  90715.2000  1506.5250  2645.6810  2.0510  1.4240  2.7650  489.3750  0.0000  0.6660  0.0000  176.9660  0.0000  0.0000  0.3450  0.0000  
2965.9730  90708.2880  1506.5800  2645.6820  2.1630  1.5180  2.9000  546.8370  0.0000  3.2120  0.0000  185.6090  0.1330  0.0000  0.3650  0.0000  2965.9730  90708.2880  1506.5800  2645.6820  2.0510  1.4240  2.7650  489.5250  0.0000  0.6850  0.0000  176.9940  0.0000  0.0000  0.3450  0.0000  
2965.9640  90698.5360  1506.4490  2645.6490  2.1630  1.5190  2.8990  546.7430  0.0000  3.2130  0.0000  185.5930  0.1330  0.0000  0.3650  0.0000  2965.9640  90698.5360  1506.4490  2645.6490  2.0510  1.4240  2.7650  489.4720  0.0000  0.7560  0.0000  176.9840  0.0000  0.0000  0.3450  0.0000  
2965.9860  90754.0160  1507.5510  2645.4860  2.1630  1.5190  2.9000  547.0970  0.0000  3.2520  0.0000  185.6530  0.1330  0.0000  0.3650  0.0000  2965.9860  90754.0160  1507.5510  2645.4860  2.0520  1.4240  2.7670  490.0880  0.0000  0.6160  0.0000  177.0960  0.0000  0.0000  0.3450  0.0000  
2965.9690  90789.0080  1507.5680  2645.5410  2.1640  1.5190  2.9010  547.2610  0.0000  3.2140  0.0000  185.6800  0.1330  0.0000  0.3650  0.0000  2965.9690  90789.0080  1507.5680  2645.5410  2.0510  1.4240  2.7650  489.3790  0.0000  0.6820  0.0000  176.9670  0.0000  0.0000  0.3450  0.0000  
2965.9450  90732.5840  1506.6810  2645.5900  2.1630  1.5190  2.9000  546.9250  0.0000  3.1960  0.0000  185.6240  0.1330  0.0000  0.3650  0.0000  2965.9450  90732.5840  1506.6810  2645.5900  2.0510  1.4240  2.7650  489.5000  0.0000  0.6270  0.0000  176.9890  0.0000  0.0000  0.3450  0.0000  
2965.9900  90760.4000  1507.4360  2645.4880  2.1640  1.5190  2.9010  547.1790  0.0000  3.2280  0.0000  185.6660  0.1330  0.0000  0.3650  0.0000  2965.9900  90760.4000  1507.4360  2645.4880  2.0540  1.4260  2.7690  490.9630  0.0000  0.7010  0.0000  177.2550  0.0000  0.0000  0.3460  0.0000  
2965.9610  90742.8000  1507.5680  2645.5040  2.1630  1.5190  2.9000  546.9610  0.0000  3.2190  0.0000  185.6290  0.1330  0.0000  0.3650  0.0000  2965.9610  90742.8000  1507.5680  2645.5040  2.0540  1.4270  2.7690  490.8060  0.0000  0.7960  0.0000  177.2260  0.0000  0.0000  0.3460  0.0000  
2965.9740  90775.5120  1507.4520  2645.4870  2.1640  1.5190  2.9010  547.1730  0.0000  3.2050  0.0000  185.6650  0.1330  0.0000  0.3650  0.0000  2965.9740  90775.5120  1507.4520  2645.4870  2.0540  1.4250  2.7690  490.8030  0.0000  0.6920  0.0000  177.2260  0.0000  0.0000  0.3460  0.0000  
2965.9360  90722.5840  1506.2190  2645.4740  2.1640  1.5190  2.9000  546.9020  0.0000  3.2480  0.0000  185.6200  0.1330  0.0000  0.3650  0.0000  2965.9360  90722.5840  1506.2190  2645.4740  2.0540  1.4260  2.7680  490.6970  0.0000  0.7660  0.0000  177.2060  0.0000  0.0000  0.3460  0.0000  
2965.9610  90724.7600  1506.3470  2645.5460  2.1630  1.5190  2.9000  546.9200  0.0000  3.2170  0.0000  185.6220  0.1330  0.0000  0.3650  0.0000  2965.9610  90724.7600  1506.3470  2645.5460  2.0540  1.4260  2.7680  490.6030  0.0000  0.8150  0.0000  177.1890  0.0000  0.0000  0.3460  0.0000  
2965.9420  90760.2080  1506.8930  2645.4700  2.1640  1.5190  2.9000  547.1200  0.0000  3.1490  0.0000  185.6570  0.1330  0.0000  0.3650  0.0000  2965.9420  90760.2080  1506.8930  2645.4700  2.0530  1.4250  2.7670  490.2000  0.0000  0.8290  0.0000  177.1160  0.0000  0.0000  0.3450  0.0000  
2965.9420  90640.3840  1506.0910  2645.3950  2.1620  1.5180  2.8990  546.4370  0.0000  3.2230  0.0000  185.5400  0.1330  0.0000  0.3650  0.0000  2965.9420  90640.3840  1506.0910  2645.3950  2.0540  1.4260  2.7680  490.5960  0.0000  0.5980  0.0000  177.1880  0.0000  0.0000  0.3460  0.0000  
2965.9390  90722.1920  1506.6090  2645.5900  2.1630  1.5190  2.9000  546.9790  0.0000  3.2420  0.0000  185.6320  0.1330  0.0000  0.3650  0.0000  2965.9390  90722.1920  1506.6090  2645.5900  2.0530  1.4250  2.7680  490.4780  0.0000  0.5820  0.0000  177.1660  0.0000  0.0000  0.3460  0.0000  
2965.9430  90761.3440  1506.6080  2645.4580  2.1630  1.5190  2.9000  547.0730  0.0000  3.2260  0.0000  185.6490  0.1330  0.0000  0.3650  0.0000  2965.9430  90761.3440  1506.6080  2645.4580  2.0530  1.4250  2.7670  490.0550  0.0000  0.6580  0.0000  177.0890  0.0000  0.0000  0.3450  0.0000  
2965.9730  90723.2720  1507.0200  2645.5930  2.1630  1.5180  2.9000  546.8900  0.0000  3.2420  0.0000  185.6180  0.1330  0.0000  0.3650  0.0000  2965.9730  90723.2720  1507.0200  2645.5930  2.0530  1.4250  2.7670  490.3330  0.0000  0.5870  0.0000  177.1400  0.0000  0.0000  0.3450  0.0000  
2965.9520  90711.5120  1506.5290  2645.6020  2.1630  1.5190  2.9000  546.9020  0.0000  3.2230  0.0000  185.6200  0.1330  0.0000  0.3650  0.0000  2965.9520  90711.5120  1506.5290  2645.6020  2.0530  1.4250  2.7680  490.5020  0.0000  0.6240  0.0000  177.1700  0.0000  0.0000  0.3460  0.0000  
2965.9710  90775.3280  1507.2830  2645.5600  2.1640  1.5190  2.9010  547.1790  0.0000  3.2470  0.0000  185.6670  0.1330  0.0000  0.3650  0.0000  2965.9710  90775.3280  1507.2830  2645.5600  2.0520  1.4250  2.7660  490.0280  0.0000  0.6730  0.0000  177.0840  0.0000  0.0000  0.3450  0.0000  
2965.9770  90752.6560  1507.0770  2645.4420  2.1630  1.5190  2.9000  547.0490  0.0000  3.2560  0.0000  185.6450  0.1330  0.0000  0.3650  0.0000  2965.9770  90752.6560  1507.0770  2645.4420  2.0520  1.4240  2.7660  490.0190  0.0000  0.6170  0.0000  177.0830  0.0000  0.0000  0.3450  0.0000  
2965.9720  90758.4160  1506.7930  2645.6020  2.1640  1.5190  2.9010  547.1670  0.0000  3.2250  0.0000  185.6650  0.1330  0.0000  0.3650  0.0000  2965.9720  90758.4160  1506.7930  2645.6020  2.0520  1.4250  2.7650  489.6460  0.0000  0.6980  0.0000  177.0150  0.0000  0.0000  0.3450  0.0000  
2965.9780  90769.7840  1507.5830  2645.5730  2.1640  1.5190  2.9000  547.1500  0.0000  3.2150  0.0000  185.6610  0.1330  0.0000  0.3650  0.0000  2965.9780  90769.7840  1507.5830  2645.5730  2.0520  1.4240  2.7650  489.6840  0.0000  0.6840  0.0000  177.0230  0.0000  0.0000  0.3450  0.0000  
2965.9310  90813.2000  1507.6390  2645.5140  2.1640  1.5190  2.9010  547.4030  0.0000  3.2180  0.0000  185.7050  0.1330  0.0000  0.3650  0.0000  2965.9310  90813.2000  1507.6390  2645.5140  2.0510  1.4240  2.7650  489.6130  0.0000  0.6870  0.0000  177.0090  0.0000  0.0000  0.3450  0.0000  
2965.9450  90769.0800  1506.6170  2645.5700  2.1640  1.5190  2.9010  547.2850  0.0000  3.2800  0.0000  185.6850  0.1330  0.0000  0.3650  0.0000  2965.9450  90769.0800  1506.6170  2645.5700  2.0510  1.4240  2.7650  489.3350  0.0000  0.7230  0.0000  176.9600  0.0000  0.0000  0.3450  0.0000  
2965.9540  90788.9360  1507.6590  2645.4840  2.1640  1.5200  2.9010  547.3330  0.0000  3.2120  0.0000  185.6930  0.1330  0.0000  0.3650  0.0000  2965.9540  90788.9360  1507.6590  2645.4840  2.0520  1.4240  2.7660  489.9170  0.0000  0.5450  0.0000  177.0640  0.0000  0.0000  0.3450  0.0000  
2965.9400  90845.9520  1507.3030  2645.4780  2.1650  1.5200  2.9020  547.6150  0.0000  3.1610  0.0000  185.7410  0.1330  0.0000  0.3650  0.0000  2965.9400  90845.9520  1507.3030  2645.4780  2.0510  1.4240  2.7640  489.2870  0.0000  0.5830  0.0000  176.9500  0.0000  0.0000  0.3450  0.0000  
2965.9250  90743.5280  1506.3440  2645.4970  2.1630  1.5180  2.9000  546.9500  0.0000  3.3150  0.0000  185.6280  0.1330  0.0000  0.3650  0.0000  2965.9250  90743.5280  1506.3440  2645.4970  2.0510  1.4240  2.7640  489.2120  0.0000  0.5910  0.0000  176.9370  0.0000  0.0000  0.3450  0.0000  
2965.9560  90730.6880  1506.7270  2645.5630  2.1640  1.5190  2.9000  546.9670  0.0000  3.2300  0.0000  185.6310  0.1330  0.0000  0.3650  0.0000  2965.9560  90730.6880  1506.7270  2645.5630  2.0510  1.4240  2.7640  489.0410  0.0000  0.6270  0.0000  176.9070  0.0000  0.0000  0.3450  0.0000  
2965.9680  90758.4480  1507.1010  2645.5190  2.1640  1.5190  2.9000  547.0850  0.0000  3.2410  0.0000  185.6510  0.1330  0.0000  0.3650  0.0000  2965.9680  90758.4480  1507.1010  2645.5190  2.0490  1.4230  2.7630  488.6510  0.0000  0.7250  0.0000  176.8350  0.0000  0.0000  0.3450  0.0000  
2965.9530  90770.3120  1506.8220  2645.6270  2.1640  1.5190  2.9010  547.2200  0.0000  3.2560  0.0000  185.6740  0.1330  0.0000  0.3650  0.0000  2965.9530  90770.3120  1506.8220  2645.6270  2.0490  1.4220  2.7620  488.5020  0.0000  0.6640  0.0000  176.8080  0.0000  0.0000  0.3450  0.0000  
2965.9450  90801.0960  1507.7050  2645.3850  2.1640  1.5190  2.9010  547.3560  0.0000  3.2590  0.0000  185.6970  0.1330  0.0000  0.3650  0.0000  2965.9450  90801.0960  1507.7050  2645.3850  2.0500  1.4230  2.7630  488.6330  0.0000  0.6210  0.0000  176.8330  0.0000  0.0000  0.3450  0.0000  
2965.9730  90757.4720  1507.4220  2645.5530  2.1640  1.5190  2.9000  547.1210  0.0000  3.2260  0.0000  185.6570  0.1330  0.0000  0.3650  0.0000  2965.9730  90757.4720  1507.4220  2645.5530  2.0490  1.4220  2.7620  488.5780  0.0000  0.5690  0.0000  176.8230  0.0000  0.0000  0.3450  0.0000  
2965.9460  90744.8480  1506.5050  2645.7210  2.1640  1.5190  2.9000  547.1090  0.0000  3.2750  0.0000  185.6550  0.1330  0.0000  0.3650  0.0000  2965.9460  90744.8480  1506.5050  2645.7210  2.0500  1.4230  2.7640  489.0190  0.0000  0.4240  0.0000  176.9040  0.0000  0.0000  0.3450  0.0000  
2965.9420  90796.4640  1506.7330  2645.4910  2.1640  1.5190  2.9010  547.4090  0.0000  3.2700  0.0000  185.7060  0.1330  0.0000  0.3650  0.0000  2965.9420  90796.4640  1506.7330  2645.4910  2.0490  1.4220  2.7620  488.2790  0.0000  0.4780  0.0000  176.7700  0.0000  0.0000  0.3450  0.0000  
2965.9320  90746.9600  1506.9370  2645.4610  2.1630  1.5190  2.9000  547.0440  0.0000  3.2330  0.0000  185.6440  0.1330  0.0000  0.3650  0.0000  2965.9320  90746.9600  1506.9370  2645.4610  2.0470  1.4210  2.7600  487.7150  0.0000  0.5100  0.0000  176.6670  0.0000  0.0000  0.3450  0.0000  
2965.9480  90780.2400  1507.1420  2645.5310  2.1630  1.5190  2.9000  547.0970  0.0000  3.2620  0.0000  185.6530  0.1330  0.0000  0.3650  0.0000  2965.9480  90780.2400  1507.1420  2645.5310  2.0460  1.4210  2.7580  486.9270  0.0000  0.5840  0.0000  176.5240  0.0000  0.0000  0.3440  0.0000  
2965.9450  90781.8400  1506.3950  2645.4850  2.1640  1.5190  2.9010  547.2260  0.0000  3.2370  0.0000  185.6740  0.1330  0.0000  0.3650  0.0000  2965.9450  90781.8400  1506.3950  2645.4850  2.0390  1.4170  2.7470  483.2750  0.0000  0.6790  0.0000  175.8590  0.0000  0.0000  0.3430  0.0000  
2965.9630  90760.7040  1507.0390  2645.6320  2.1640  1.5190  2.9010  547.1790  0.0000  3.2210  0.0000  185.6670  0.1330  0.0000  0.3650  0.0000  2965.9630  90760.7040  1507.0390  2645.6320  2.0350  1.4130  2.7430  481.7310  0.0000  0.6510  0.0000  175.5790  0.0000  0.0000  0.3420  0.0000  
2965.9440  90756.7040  1506.7500  2645.5180  2.1640  1.5190  2.9000  547.0850  0.0000  3.2010  0.0000  185.6510  0.1330  0.0000  0.3650  0.0000  2965.9440  90756.7040  1506.7500  2645.5180  2.0490  1.4230  2.7620  488.2730  0.0000  0.6620  0.0000  176.7680  0.0000  0.0000  0.3450  0.0000  
2965.9330  90763.2240  1506.5650  2645.6110  2.1630  1.5190  2.9000  547.1090  0.0000  3.2790  0.0000  185.6550  0.1330  0.0000  0.3650  0.0000  2965.9330  90763.2240  1506.5650  2645.6110  2.0460  1.4200  2.7590  487.2850  0.0000  0.6530  0.0000  176.5890  0.0000  0.0000  0.3440  0.0000  
2965.9590  90796.5840  1506.9450  2645.6610  2.1640  1.5200  2.9010  547.4090  0.0000  3.2810  0.0000  185.7060  0.1330  0.0000  0.3650  0.0000  2965.9590  90796.5840  1506.9450  2645.6610  2.0440  1.4190  2.7550  485.9950  0.0000  0.7370  0.0000  176.3540  0.0000  0.0000  0.3440  0.0000  
2965.9600  90821.1440  1507.7730  2645.5150  2.1640  1.5200  2.9010  547.4860  0.0000  3.2460  0.0000  185.7190  0.1330  0.0000  0.3650  0.0000  2965.9600  90821.1440  1507.7730  2645.5150  2.0420  1.4180  2.7520  484.9310  0.0000  0.7730  0.0000  176.1600  0.0000  0.0000  0.3440  0.0000  
2965.9750  90788.4000  1507.4010  2645.6620  2.1640  1.5190  2.9010  547.3970  0.0000  3.1810  0.0000  185.7040  0.1330  0.0000  0.3650  0.0000  2965.9750  90788.4000  1507.4010  2645.6620  2.0360  1.4130  2.7450  482.5230  0.0000  0.8800  0.0000  175.7220  0.0000  0.0000  0.3430  0.0000  
2965.9450  90748.6960  1506.9240  2645.5170  2.1640  1.5190  2.9000  547.0500  0.0000  3.1710  0.0000  185.6440  0.1330  0.0000  0.3650  0.0000  2965.9450  90748.6960  1506.9240  2645.5170  2.0500  1.4230  2.7630  488.7790  0.0000  0.7650  0.0000  176.8590  0.0000  0.0000  0.3450  0.0000  
2965.9830  90746.0960  1507.2840  2645.5890  2.1640  1.5190  2.9000  547.1200  0.0000  3.2320  0.0000  185.6570  0.1330  0.0000  0.3650  0.0000  2965.9830  90746.0960  1507.2840  2645.5890  2.0490  1.4220  2.7610  488.1910  0.0000  0.8010  0.0000  176.7520  0.0000  0.0000  0.3450  0.0000  
2965.9810  90786.4960  1507.1290  2645.6270  2.1640  1.5190  2.9010  547.3620  0.0000  3.2750  0.0000  185.6970  0.1330  0.0000  0.3650  0.0000  2965.9810  90786.4960  1507.1290  2645.6270  2.0460  1.4210  2.7580  486.8930  0.0000  0.8080  0.0000  176.5170  0.0000  0.0000  0.3440  0.0000  
2965.9580  90814.2480  1507.0610  2645.5110  2.1640  1.5190  2.9010  547.3860  0.0000  3.2530  0.0000  185.7020  0.1330  0.0000  0.3650  0.0000  2965.9580  90814.2480  1507.0610  2645.5110  2.0290  1.4080  2.7350  478.9090  0.0000  0.7320  0.0000  175.0620  0.0000  0.0000  0.3410  0.0000  
2965.9320  90811.6800  1507.3150  2645.5070  2.1650  1.5200  2.9010  547.4390  0.0000  3.2460  0.0000  185.7110  0.1330  0.0000  0.3650  0.0000  2965.9320  90811.6800  1507.3150  2645.5070  2.0260  1.4060  2.7320  477.7900  0.0000  0.7300  0.0000  174.8570  0.0000  0.0000  0.3410  0.0000  
2965.9630  90800.7760  1507.3990  2645.6170  2.1640  1.5200  2.9010  547.3440  0.0000  3.1800  0.0000  185.6940  0.1330  0.0000  0.3650  0.0000  2965.9630  90800.7760  1507.3990  2645.6170  2.0220  1.4020  2.7270  476.2570  0.0000  0.9470  0.0000  174.5730  0.0010  0.0000  0.3400  0.0000  
2965.9700  90776.9120  1507.1070  2645.4080  2.1640  1.5190  2.9010  547.2730  0.0000  3.2310  0.0000  185.6830  0.1330  0.0000  0.3650  0.0000  2965.9700  90776.9120  1507.1070  2645.4080  2.0410  1.4160  2.7510  484.6960  0.0000  0.6530  0.0000  176.1180  0.0000  0.0000  0.3430  0.0000  
2965.9610  90771.1840  1506.8830  2645.4310  2.1640  1.5200  2.9010  547.2150  0.0000  3.2470  0.0000  185.6720  0.1330  0.0000  0.3650  0.0000  2965.9610  90771.1840  1506.8830  2645.4310  2.0440  1.4210  2.7540  485.4710  0.0000  0.5980  0.0000  176.2580  0.0000  0.0000  0.3440  0.0000  
2965.9690  90812.9360  1507.0400  2645.6490  2.1650  1.5200  2.9010  547.4680  0.0000  3.1690  0.0000  185.7160  0.1330  0.0000  0.3650  0.0000  2965.9690  90812.9360  1507.0400  2645.6490  2.0510  1.4240  2.7650  489.3900  0.0000  0.5530  0.0000  176.9690  0.0000  0.0000  0.3450  0.0000  
2965.9480  90753.6080  1506.8530  2645.5430  2.1630  1.5190  2.9000  547.0610  0.0000  3.1760  0.0000  185.6470  0.1330  0.0000  0.3650  0.0000  2965.9480  90753.6080  1506.8530  2645.5430  2.0520  1.4240  2.7660  489.7750  0.0000  0.5560  0.0000  177.0390  0.0000  0.0000  0.3450  0.0000  
2965.9510  90768.1440  1506.8770  2645.4670  2.1640  1.5190  2.9010  547.2440  0.0000  3.2630  0.0000  185.6780  0.1330  0.0000  0.3650  0.0000  2965.9510  90768.1440  1506.8770  2645.4670  2.0520  1.4250  2.7660  489.7160  0.0000  0.5580  0.0000  177.0290  0.0000  0.0000  0.3450  0.0000  
2965.9250  90771.2880  1506.4860  2645.5590  2.1640  1.5190  2.9010  547.2150  0.0000  3.2480  0.0000  185.6730  0.1330  0.0000  0.3650  0.0000  2965.9250  90771.2880  1506.4860  2645.5590  2.0520  1.4240  2.7660  489.9850  0.0000  0.5290  0.0000  177.0770  0.0000  0.0000  0.3450  0.0000  
2965.9440  90761.7280  1506.7600  2645.5640  2.1640  1.5190  2.9000  547.1490  0.0000  3.1930  0.0000  185.6620  0.1330  0.0000  0.3650  0.0000  2965.9440  90761.7280  1506.7600  2645.5640  2.0520  1.4250  2.7660  489.7560  0.0000  0.5400  0.0000  177.0360  0.0000  0.0000  0.3450  0.0000  
2965.9620  90706.4080  1506.6900  2645.5630  2.1630  1.5180  2.9000  546.9320  0.0000  3.2300  0.0000  185.6240  0.1330  0.0000  0.3650  0.0000  2965.9620  90706.4080  1506.6900  2645.5630  2.0520  1.4250  2.7660  489.8450  0.0000  0.5700  0.0000  177.0520  0.0000  0.0000  0.3450  0.0000  
2965.9640  90779.6800  1507.7830  2645.4710  2.1640  1.5190  2.9010  547.4150  0.0000  3.2810  0.0000  185.7070  0.1330  0.0000  0.3650  0.0000  2965.9640  90779.6800  1507.7830  2645.4710  2.0520  1.4240  2.7650  489.6440  0.0000  0.5610  0.0000  177.0150  0.0000  0.0000  0.3450  0.0000  
2965.9740  90759.9280  1507.0630  2645.5200  2.1640  1.5190  2.9000  547.1380  0.0000  3.2260  0.0000  185.6600  0.1330  0.0000  0.3650  0.0000  2965.9740  90759.9280  1507.0630  2645.5200  2.0510  1.4240  2.7640  489.1870  0.0000  0.7240  0.0000  176.9320  0.0000  0.0000  0.3450  0.0000  
2965.9460  90812.5760  1507.7540  2645.5030  2.1640  1.5190  2.9010  547.4920  0.0000  3.2480  0.0000  185.7200  0.1330  0.0000  0.3650  0.0000  2965.9460  90812.5760  1507.7540  2645.5030  2.0510  1.4230  2.7640  489.2740  0.0000  0.7140  0.0000  176.9470  0.0000  0.0000  0.3450  0.0000  
2965.9340  90736.7600  1506.5270  2645.4470  2.1640  1.5190  2.9000  547.1030  0.0000  3.2280  0.0000  185.6540  0.1330  0.0000  0.3650  0.0000  2965.9340  90736.7600  1506.5270  2645.4470  2.0500  1.4240  2.7630  488.8070  0.0000  0.7770  0.0000  176.8630  0.0000  0.0000  0.3450  0.0000  
2965.9500  90846.1520  1507.7310  2645.4160  2.1650  1.5200  2.9020  547.6210  0.0000  3.2590  0.0000  185.7420  0.1330  0.0000  0.3650  0.0000  2965.9500  90846.1520  1507.7310  2645.4160  2.0510  1.4240  2.7650  489.6050  0.0000  0.6350  0.0000  177.0090  0.0000  0.0000  0.3450  0.0000  
2965.9340  90826.3600  1507.1390  2645.4840  2.1640  1.5190  2.9010  547.4740  0.0000  3.2840  0.0000  185.7160  0.1330  0.0000  0.3650  0.0000  2965.9340  90826.3600  1507.1390  2645.4840  2.0520  1.4240  2.7660  489.9350  0.0000  0.6020  0.0000  177.0690  0.0000  0.0000  0.3450  0.0000  
2965.9750  90734.7600  1506.3750  2645.5960  2.1640  1.5190  2.9000  547.0910  0.0000  3.2380  0.0000  185.6520  0.1330  0.0000  0.3650  0.0000  2965.9750  90734.7600  1506.3750  2645.5960  2.0510  1.4240  2.7650  489.5660  0.0000  0.6380  0.0000  177.0010  0.0000  0.0000  0.3450  0.0000  
2965.9510  90751.0560  1507.3040  2645.5610  2.1640  1.5190  2.9000  547.0080  0.0000  3.1960  0.0000  185.6370  0.1330  0.0000  0.3650  0.0000  2965.9510  90751.0560  1507.3040  2645.5610  2.0520  1.4240  2.7650  489.6390  0.0000  0.6490  0.0000  177.0140  0.0000  0.0000  0.3450  0.0000  
2965.9520  90747.2800  1506.9800  2645.5360  2.1630  1.5180  2.9000  547.0500  0.0000  3.2260  0.0000  185.6450  0.1330  0.0000  0.3650  0.0000  2965.9520  90747.2800  1506.9800  2645.5360  2.0510  1.4240  2.7650  489.4100  0.0000  0.5730  0.0000  176.9740  0.0000  0.0000  0.3450  0.0000  
2965.9780  90819.6320  1507.3620  2645.6010  2.1650  1.5200  2.9010  547.4390  0.0000  3.2520  0.0000  185.7110  0.1330  0.0000  0.3650  0.0000  2965.9780  90819.6320  1507.3620  2645.6010  2.0500  1.4230  2.7640  489.1200  0.0000  0.6760  0.0000  176.9210  0.0000  0.0000  0.3450  0.0000  
2965.9630  90795.2000  1507.2180  2645.6700  2.1640  1.5200  2.9010  547.4450  0.0000  3.2580  0.0000  185.7110  0.1330  0.0000  0.3650  0.0000  2965.9630  90795.2000  1507.2180  2645.6700  2.0510  1.4230  2.7640  489.2750  0.0000  0.6600  0.0000  176.9490  0.0000  0.0000  0.3450  0.0000  
2965.9870  90779.6000  1506.6250  2645.7850  2.1640  1.5200  2.9010  547.3030  0.0000  3.2740  0.0000  185.6880  0.1330  0.0000  0.3650  0.0000  2965.9870  90779.6000  1506.6250  2645.7850  2.0500  1.4240  2.7630  488.8370  0.0000  0.7300  0.0000  176.8700  0.0000  0.0000  0.3450  0.0000  
2965.9780  90745.8320  1507.1260  2645.5270  2.1630  1.5190  2.9000  547.0790  0.0000  3.2600  0.0000  185.6500  0.1330  0.0000  0.3650  0.0000  2965.9780  90745.8320  1507.1260  2645.5270  2.0490  1.4220  2.7620  488.6190  0.0000  0.7960  0.0000  176.8290  0.0000  0.0000  0.3450  0.0000  
2965.9740  90792.2320  1507.5820  2645.5250  2.1640  1.5200  2.9010  547.3500  0.0000  3.2470  0.0000  185.6950  0.1330  0.0000  0.3650  0.0000  2965.9740  90792.2320  1507.5820  2645.5250  2.0480  1.4210  2.7610  488.0470  0.0000  0.9210  0.0000  176.7260  0.0000  0.0000  0.3450  0.0000  
2965.9790  90807.9200  1507.9070  2645.5810  2.1640  1.5200  2.9010  547.3330  0.0000  3.2530  0.0000  185.6930  0.1330  0.0000  0.3650  0.0000  2965.9790  90807.9200  1507.9070  2645.5810  2.0490  1.4230  2.7620  488.4190  0.0000  0.8050  0.0000  176.7920  0.0000  0.0000  0.3450  0.0000  
2965.9550  90834.9280  1507.4460  2645.5620  2.1650  1.5200  2.9010  547.5390  0.0000  3.2170  0.0000  185.7270  0.1330  0.0000  0.3650  0.0000  2965.9550  90834.9280  1507.4460  2645.5620  2.0470  1.4210  2.7600  487.7310  0.0000  0.7230  0.0000  176.6680  0.0000  0.0000  0.3450  0.0000  
2965.9740  90795.9280  1506.8950  2645.5900  2.1640  1.5200  2.9010  547.3850  0.0000  3.2040  0.0000  185.7010  0.1330  0.0000  0.3650  0.0000  2965.9740  90795.9280  1506.8950  2645.5900  2.0480  1.4220  2.7610  488.0070  0.0000  0.5230  0.0000  176.7200  0.0000  0.0000  0.3450  0.0000  
2965.9800  90804.3840  1507.4890  2645.6260  2.1640  1.5190  2.9010  547.4330  0.0000  3.2290  0.0000  185.7090  0.1330  0.0000  0.3650  0.0000  2965.9800  90804.3840  1507.4890  2645.6260  2.0420  1.4170  2.7530  485.3080  0.0000  0.5210  0.0000  176.2280  0.0000  0.0000  0.3440  0.0000  
2965.9440  90782.0800  1506.9020  2645.6590  2.1640  1.5190  2.9010  547.2150  0.0000  3.2530  0.0000  185.6720  0.1330  0.0000  0.3650  0.0000  2965.9440  90782.0800  1506.9020  2645.6590  2.0390  1.4150  2.7490  483.8300  0.0000  0.5470  0.0000  175.9610  0.0000  0.0000  0.3430  0.0000  
2965.9680  90749.8000  1506.3440  2645.6440  2.1640  1.5190  2.9000  547.1380  0.0000  3.2360  0.0000  185.6590  0.1330  0.0000  0.3650  0.0000  2965.9680  90749.8000  1506.3440  2645.6440  2.0370  1.4140  2.7450  482.5810  0.0000  0.5510  0.0000  175.7330  0.0000  0.0000  0.3430  0.0000  
2965.9430  90756.6720  1507.1290  2645.5340  2.1640  1.5190  2.9010  547.1670  0.0000  3.2100  0.0000  185.6650  0.1330  0.0000  0.3650  0.0000  2965.9430  90756.6720  1507.1290  2645.5340  2.0280  1.4070  2.7350  478.8960  0.0000  0.5390  0.0000  175.0600  0.0000  0.0000  0.3410  0.0000  
2965.9340  90785.8480  1506.7360  2645.5110  2.1640  1.5190  2.9010  547.2560  0.0000  3.2810  0.0000  185.6800  0.1330  0.0000  0.3650  0.0000  2965.9340  90785.8480  1506.7360  2645.5110  2.0460  1.4210  2.7580  487.1090  0.0000  0.5940  0.0000  176.5570  0.0000  0.0000  0.3440  0.0000  
2965.9580  90768.0240  1507.4870  2645.4960  2.1630  1.5190  2.9010  547.1620  0.0000  3.2000  0.0000  185.6640  0.1330  0.0000  0.3650  0.0000  2965.9580  90768.0240  1507.4870  2645.4960  2.0430  1.4180  2.7540  485.5350  0.0000  0.5500  0.0000  176.2700  0.0000  0.0000  0.3440  0.0000  
2965.9350  90776.4800  1507.5710  2645.4570  2.1640  1.5190  2.9010  547.2620  0.0000  3.2410  0.0000  185.6810  0.1330  0.0000  0.3650  0.0000  2965.9350  90776.4800  1507.5710  2645.4570  2.0310  1.4100  2.7380  479.9440  0.0000  0.6030  0.0000  175.2510  0.0000  0.0000  0.3420  0.0000  
2965.9890  90776.3520  1507.6240  2645.5950  2.1640  1.5190  2.9010  547.2680  0.0000  3.2870  0.0000  185.6810  0.1330  0.0000  0.3650  0.0000  2965.9890  90776.3520  1507.6240  2645.5950  2.0430  1.4190  2.7540  485.7610  0.0000  0.6490  0.0000  176.3110  0.0000  0.0000  0.3440  0.0000  
2965.9660  90767.7520  1507.6550  2645.5610  2.1630  1.5190  2.9000  547.1140  0.0000  3.2470  0.0000  185.6560  0.1330  0.0000  0.3650  0.0000  2965.9660  90767.7520  1507.6550  2645.5610  2.0510  1.4240  2.7650  489.6710  0.0000  0.6050  0.0000  177.0200  0.0000  0.0000  0.3450  0.0000  
2965.9400  90778.5680  1506.4620  2645.5290  2.1640  1.5200  2.9010  547.2800  0.0000  3.2770  0.0000  185.6830  0.1330  0.0000  0.3650  0.0000  2965.9400  90778.5680  1506.4620  2645.5290  2.0510  1.4240  2.7640  489.1140  0.0000  0.7550  0.0000  176.9180  0.0000  0.0000  0.3450  0.0000  
2965.9580  90806.7360  1507.8250  2645.5550  2.1640  1.5190  2.9010  547.3560  0.0000  3.2530  0.0000  185.6960  0.1330  0.0000  0.3650  0.0000  2965.9580  90806.7360  1507.8250  2645.5550  2.0510  1.4240  2.7660  489.7050  0.0000  0.7180  0.0000  177.0250  0.0000  0.0000  0.3450  0.0000  
2965.9580  90745.5200  1507.0130  2645.5650  2.1630  1.5180  2.9000  546.9790  0.0000  3.2200  0.0000  185.6330  0.1330  0.0000  0.3650  0.0000  2965.9580  90745.5200  1507.0130  2645.5650  2.0520  1.4240  2.7650  489.6690  0.0000  0.7570  0.0000  177.0190  0.0000  0.0000  0.3450  0.0000  
2965.9430  90746.0800  1506.8840  2645.4500  2.1630  1.5190  2.9000  547.0080  0.0000  3.2520  0.0000  185.6380  0.1330  0.0000  0.3650  0.0000  2965.9430  90746.0800  1506.8840  2645.4500  2.0510  1.4240  2.7650  489.3760  0.0000  0.5650  0.0000  176.9670  0.0000  0.0000  0.3450  0.0000  
2965.9550  90770.9280  1507.3350  2645.4220  2.1640  1.5190  2.9010  547.2260  0.0000  3.2310  0.0000  185.6740  0.1330  0.0000  0.3650  0.0000  2965.9550  90770.9280  1507.3350  2645.4220  2.0510  1.4240  2.7650  489.5530  0.0000  0.5270  0.0000  176.9990  0.0000  0.0000  0.3450  0.0000  
2965.9860  90774.0640  1507.4980  2645.6660  2.1640  1.5190  2.9010  547.2970  0.0000  3.2780  0.0000  185.6870  0.1330  0.0000  0.3650  0.0000  2965.9860  90774.0640  1507.4980  2645.6660  2.0510  1.4240  2.7640  489.2450  0.0000  0.5930  0.0000  176.9440  0.0000  0.0000  0.3450  0.0000  
2965.9500  90816.9840  1507.5470  2645.5350  2.1640  1.5190  2.9010  547.4630  0.0000  3.2450  0.0000  185.7150  0.1330  0.0000  0.3650  0.0000  2965.9500  90816.9840  1507.5470  2645.5350  2.0500  1.4230  2.7630  488.9060  0.0000  0.6770  0.0000  176.8820  0.0000  0.0000  0.3450  0.0000  
2965.9370  90820.3760  1507.2450  2645.6190  2.1650  1.5200  2.9020  547.5450  0.0000  3.2160  0.0000  185.7290  0.1330  0.0000  0.3650  0.0000  2965.9370  90820.3760  1507.2450  2645.6190  2.0500  1.4230  2.7630  488.7710  0.0000  0.6500  0.0000  176.8570  0.0000  0.0000  0.3450  0.0000  
2965.9880  90813.2800  1507.3360  2645.6070  2.1650  1.5200  2.9010  547.4740  0.0000  3.2400  0.0000  185.7170  0.1330  0.0000  0.3650  0.0000  2965.9880  90813.2800  1507.3360  2645.6070  2.0490  1.4230  2.7620  488.3980  0.0000  0.6990  0.0000  176.7890  0.0000  0.0000  0.3450  0.0000  
2965.9590  90789.8400  1507.5440  2645.4850  2.1640  1.5190  2.9010  547.3090  0.0000  3.2230  0.0000  185.6890  0.1330  0.0000  0.3650  0.0000  2965.9590  90789.8400  1507.5440  2645.4850  2.0470  1.4210  2.7600  487.8400  0.0000  0.7960  0.0000  176.6890  0.0000  0.0000  0.3450  0.0000  
2965.9500  90781.1440  1507.3920  2645.3930  2.1640  1.5190  2.9010  547.2860  0.0000  3.2250  0.0000  185.6850  0.1330  0.0000  0.3650  0.0000  2965.9500  90781.1440  1507.3920  2645.3930  2.0450  1.4200  2.7570  486.7500  0.0000  0.9660  0.0000  176.4900  0.0000  0.0000  0.3440  0.0000  
2965.9730  90768.1680  1507.1210  2645.6790  2.1640  1.5190  2.9010  547.1850  0.0000  3.2330  0.0000  185.6680  0.1330  0.0000  0.3650  0.0000  2965.9730  90768.1680  1507.1210  2645.6790  2.0460  1.4210  2.7580  487.2060  0.0000  0.7660  0.0000  176.5730  0.0000  0.0000  0.3440  0.0000  
2965.9590  90804.6320  1507.4520  2645.6240  2.1640  1.5190  2.9010  547.4620  0.0000  3.2380  0.0000  185.7140  0.1330  0.0000  0.3650  0.0000  2965.9590  90804.6320  1507.4520  2645.6240  2.0440  1.4180  2.7560  486.2760  0.0000  0.8330  0.0000  176.4030  0.0000  0.0000  0.3440  0.0000  
2965.8970  90868.1360  1507.4440  2645.3580  2.1650  1.5200  2.9020  547.7280  0.0000  3.2700  0.0000  185.7600  0.1330  0.0000  0.3650  0.0000  2965.8970  90868.1360  1507.4440  2645.3580  2.0430  1.4190  2.7540  485.4660  0.0000  0.5180  0.0000  176.2590  0.0000  0.0000  0.3440  0.0000  
2965.9480  90865.3120  1508.0160  2645.5710  2.1650  1.5200  2.9020  547.8050  0.0000  3.2400  0.0000  185.7730  0.1330  0.0000  0.3650  0.0000  2965.9480  90865.3120  1508.0160  2645.5710  2.0280  1.4060  2.7360  479.4410  0.0000  0.5720  0.0000  175.1590  0.0000  0.0000  0.3420  0.0000  
2965.9630  90786.1840  1507.0140  2645.5200  2.1640  1.5190  2.9010  547.3260  0.0000  3.2460  0.0000  185.6920  0.1330  0.0000  0.3650  0.0000  2965.9630  90786.1840  1507.0140  2645.5200  2.0300  1.4090  2.7370  479.6900  0.0000  0.5790  0.0000  175.2040  0.0000  0.0000  0.3420  0.0000  
2965.9450  90749.5200  1506.4550  2645.5390  2.1640  1.5190  2.9000  547.0670  0.0000  3.1900  0.0000  185.6470  0.1330  0.0000  0.3650  0.0000  2965.9450  90749.5200  1506.4550  2645.5390  2.0250  1.4070  2.7290  476.9040  0.0000  0.5910  0.0000  174.6950  0.0000  0.0000  0.3410  0.0000  
2965.9900  90777.8960  1507.8520  2645.6620  2.1640  1.5190  2.9010  547.3910  0.0000  3.2180  0.0000  185.7020  0.1330  0.0000  0.3650  0.0000  2965.9900  90777.8960  1507.8520  2645.6620  2.0460  1.4210  2.7580  487.0850  0.0000  0.5700  0.0000  176.5530  0.0000  0.0000  0.3440  0.0000  
2965.9660  90815.2160  1507.8610  2645.5330  2.1640  1.5190  2.9010  547.4040  0.0000  3.2780  0.0000  185.7040  0.1330  0.0000  0.3650  0.0000  2965.9660  90815.2160  1507.8610  2645.5330  2.0430  1.4180  2.7530  485.4470  0.0000  0.6110  0.0000  176.2550  0.0000  0.0000  0.3440  0.0000  
2965.9620  90780.6480  1506.3630  2645.5740  2.1640  1.5190  2.9010  547.3500  0.0000  3.2380  0.0000  185.6960  0.1330  0.0000  0.3650  0.0000  2965.9620  90780.6480  1506.3630  2645.5740  2.0340  1.4110  2.7420  481.4780  0.0000  0.6280  0.0000  175.5320  0.0000  0.0000  0.3420  0.0000  
2965.9250  90774.1440  1506.4960  2645.4230  2.1640  1.5200  2.9010  547.2030  0.0000  3.2330  0.0000  185.6700  0.1330  0.0000  0.3650  0.0000  2965.9250  90774.1440  1506.4960  2645.4230  2.0510  1.4240  2.7640  489.1160  0.0000  0.6560  0.0000  176.9200  0.0000  0.0000  0.3450  0.0000  
2965.9550  90798.5120  1507.6120  2645.3280  2.1640  1.5200  2.9010  547.3330  0.0000  3.2620  0.0000  185.6930  0.1330  0.0000  0.3650  0.0000  2965.9550  90798.5120  1507.6120  2645.3280  2.0510  1.4240  2.7650  489.5930  0.0000  0.6820  0.0000  177.0060  0.0000  0.0000  0.3450  0.0000  
2965.9320  90759.7040  1506.9560  2645.4490  2.1630  1.5180  2.9000  547.0970  0.0000  3.2500  0.0000  185.6530  0.1330  0.0000  0.3650  0.0000  2965.9320  90759.7040  1506.9560  2645.4490  2.0500  1.4230  2.7640  489.1020  0.0000  0.6840  0.0000  176.9170  0.0000  0.0000  0.3450  0.0000  
2965.9460  90785.8880  1507.1020  2645.5320  2.1640  1.5200  2.9010  547.2450  0.0000  3.2420  0.0000  185.6770  0.1330  0.0000  0.3650  0.0000  2965.9460  90785.8880  1507.1020  2645.5320  2.0500  1.4230  2.7630  488.6950  0.0000  0.7520  0.0000  176.8440  0.0000  0.0000  0.3450  0.0000  
2965.9700  90767.4560  1506.9900  2645.7010  2.1640  1.5200  2.9010  547.2210  0.0000  3.2370  0.0000  185.6740  0.1330  0.0000  0.3650  0.0000  2965.9700  90767.4560  1506.9900  2645.7010  2.0480  1.4210  2.7600  487.8480  0.0000  0.7590  0.0000  176.6900  0.0000  0.0000  0.3450  0.0000  
2965.9690  90784.3600  1506.7700  2645.6830  2.1640  1.5190  2.9010  547.3210  0.0000  3.2050  0.0000  185.6900  0.1330  0.0000  0.3650  0.0000  2965.9690  90784.3600  1506.7700  2645.6830  2.0400  1.4160  2.7490  483.8850  0.0000  0.8220  0.0000  175.9690  0.0000  0.0000  0.3430  0.0000  
2965.9430  90773.1760  1506.8670  2645.5010  2.1640  1.5190  2.9010  547.2090  0.0000  3.2120  0.0000  185.6710  0.1330  0.0000  0.3650  0.0000  2965.9430  90773.1760  1506.8670  2645.5010  2.0370  1.4150  2.7450  482.3560  0.0000  0.5410  0.0000  175.6920  0.0000  0.0000  0.3430  0.0000  
2965.9710  90819.6160  1507.7420  2645.6350  2.1650  1.5190  2.9010  547.5330  0.0000  3.2280  0.0000  185.7260  0.1330  0.0000  0.3650  0.0000  2965.9710  90819.6160  1507.7420  2645.6350  2.0420  1.4170  2.7530  485.2600  0.0000  0.5330  0.0000  176.2210  0.0000  0.0000  0.3440  0.0000  
2965.9400  90808.2480  1507.1600  2645.4080  2.1640  1.5200  2.9010  547.3270  0.0000  3.1920  0.0000  185.6920  0.1330  0.0000  0.3650  0.0000  2965.9400  90808.2480  1507.1600  2645.4080  2.0360  1.4140  2.7430  481.9200  0.0000  0.6590  0.0000  175.6120  0.0000  0.0000  0.3430  0.0000  
2965.9510  90785.6240  1507.2020  2645.5130  2.1640  1.5190  2.9010  547.2910  0.0000  3.2010  0.0000  185.6860  0.1330  0.0000  0.3650  0.0000  2965.9510  90785.6240  1507.2020  2645.5130  2.0400  1.4150  2.7490  484.0050  0.0000  0.5770  0.0000  175.9930  0.0000  0.0000  0.3430  0.0000  
2965.9440  90794.5600  1507.0810  2645.4500  2.1640  1.5190  2.9010  547.3500  0.0000  3.1910  0.0000  185.6960  0.1330  0.0000  0.3650  0.0000  2965.9440  90794.5600  1507.0810  2645.4500  2.0360  1.4140  2.7450  482.5420  0.0000  0.6940  0.0000  175.7260  0.0000  0.0000  0.3430  0.0000  
2965.9430  90753.6240  1507.0370  2645.4690  2.1640  1.5190  2.9000  547.0670  0.0000  3.2220  0.0000  185.6480  0.1330  0.0000  0.3650  0.0000  2965.9430  90753.6240  1507.0370  2645.4690  2.0370  1.4140  2.7460  482.9330  0.0000  0.7830  0.0000  175.7960  0.0000  0.0000  0.3430  0.0000  
2965.9670  90792.9200  1506.8800  2645.5440  2.1640  1.5190  2.9010  547.3680  0.0000  3.2510  0.0000  185.6990  0.1330  0.0000  0.3650  0.0000  2965.9670  90792.9200  1506.8800  2645.5440  2.0410  1.4160  2.7520  484.8890  0.0000  0.7940  0.0000  176.1520  0.0000  0.0000  0.3440  0.0000  
2965.9630  90765.0160  1506.3640  2645.5870  2.1640  1.5190  2.9010  547.2200  0.0000  3.2490  0.0000  185.6730  0.1330  0.0000  0.3650  0.0000  2965.9630  90765.0160  1506.3640  2645.5870  2.0400  1.4160  2.7500  484.1440  0.0000  0.9120  0.0000  176.0170  0.0000  0.0000  0.3430  0.0000  
2965.9790  90784.8800  1507.1260  2645.6470  2.1640  1.5190  2.9010  547.3680  0.0000  3.2600  0.0000  185.6990  0.1330  0.0000  0.3650  0.0000  2965.9790  90784.8800  1507.1260  2645.6470  2.0420  1.4170  2.7520  485.0040  0.0000  0.6550  0.0000  176.1740  0.0000  0.0000  0.3440  0.0000  
2965.9810  90771.3760  1506.9240  2645.6190  2.1640  1.5190  2.9010  547.1970  0.0000  3.2420  0.0000  185.6690  0.1330  0.0000  0.3650  0.0000  2965.9810  90771.3760  1506.9240  2645.6190  2.0400  1.4160  2.7500  484.2850  0.0000  0.6290  0.0000  176.0440  0.0000  0.0000  0.3430  0.0000  
2965.9510  90817.8880  1507.5590  2645.5120  2.1640  1.5190  2.9010  547.4560  0.0000  3.2050  0.0000  185.7130  0.1330  0.0000  0.3650  0.0000  2965.9510  90817.8880  1507.5590  2645.5120  2.0380  1.4150  2.7470  483.0970  0.0000  0.7000  0.0000  175.8270  0.0000  0.0000  0.3430  0.0000  
2965.9530  90816.8880  1507.9980  2645.3280  2.1640  1.5200  2.9010  547.4440  0.0000  3.2110  0.0000  185.7120  0.1330  0.0000  0.3650  0.0000  2965.9530  90816.8880  1507.9980  2645.3280  2.0360  1.4120  2.7440  482.1930  0.0000  0.6940  0.0000  175.6620  0.0000  0.0000  0.3430  0.0000  
2965.9430  90869.8320  1507.0940  2645.7390  2.1650  1.5200  2.9020  547.8520  0.0000  3.2320  0.0000  185.7800  0.1330  0.0000  0.3650  0.0000  2965.9430  90869.8320  1507.0940  2645.7390  2.0330  1.4110  2.7400  480.6370  0.0000  0.7700  0.0000  175.3780  0.0000  0.0000  0.3420  0.0000  
2965.9730  90771.1200  1507.1400  2645.6380  2.1640  1.5190  2.9010  547.2500  0.0000  3.2380  0.0000  185.6790  0.1330  0.0000  0.3650  0.0000  2965.9730  90771.1200  1507.1400  2645.6380  2.0310  1.4090  2.7370  479.5760  0.0000  0.8030  0.0000  175.1830  0.0000  0.0000  0.3420  0.0000  
2965.9810  90811.4640  1507.8480  2645.5100  2.1650  1.5200  2.9010  547.5150  0.0000  3.2020  0.0000  185.7240  0.1330  0.0000  0.3650  0.0000  2965.9810  90811.4640  1507.8480  2645.5100  2.0460  1.4210  2.7580  486.9400  0.0000  0.7650  0.0000  176.5250  0.0000  0.0000  0.3440  0.0000  
2965.9680  90810.8000  1507.3490  2645.5960  2.1650  1.5200  2.9010  547.4040  0.0000  3.2250  0.0000  185.7040  0.1330  0.0000  0.3650  0.0000  2965.9680  90810.8000  1507.3490  2645.5960  2.0480  1.4220  2.7610  488.0170  0.0000  0.7430  0.0000  176.7210  0.0000  0.0000  0.3450  0.0000  
2965.9490  90787.8320  1506.4660  2645.6070  2.1640  1.5190  2.9010  547.3440  0.0000  3.2390  0.0000  185.6950  0.1330  0.0000  0.3650  0.0000  2965.9490  90787.8320  1506.4660  2645.6070  2.0480  1.4210  2.7610  488.2610  0.0000  0.7270  0.0000  176.7640  0.0000  0.0000  0.3450  0.0000  
2965.9610  90783.5520  1507.5960  2645.5380  2.1640  1.5190  2.9010  547.3150  0.0000  3.2100  0.0000  185.6890  0.1330  0.0000  0.3650  0.0000  2965.9610  90783.5520  1507.5960  2645.5380  2.0480  1.4220  2.7610  488.0780  0.0000  0.7560  0.0000  176.7320  0.0000  0.0000  0.3450  0.0000  
2965.9960  90802.8880  1508.2250  2645.5340  2.1640  1.5190  2.9010  547.3680  0.0000  3.2410  0.0000  185.6990  0.1330  0.0000  0.3650  0.0000  2965.9960  90802.8880  1508.2250  2645.5340  2.0480  1.4220  2.7600  487.8480  0.0000  0.7960  0.0000  176.6900  0.0000  0.0000  0.3450  0.0000  
2965.9590  90785.3920  1506.9070  2645.6080  2.1640  1.5190  2.9010  547.2910  0.0000  3.2040  0.0000  185.6860  0.1330  0.0000  0.3650  0.0000  2965.9590  90785.3920  1506.9070  2645.6080  2.0490  1.4220  2.7610  488.2430  0.0000  0.6460  0.0000  176.7630  0.0000  0.0000  0.3450  0.0000  
2965.9790  90764.0480  1507.3350  2645.4580  2.1640  1.5190  2.9000  547.1610  0.0000  3.2290  0.0000  185.6630  0.1330  0.0000  0.3650  0.0000  2965.9790  90764.0480  1507.3350  2645.4580  2.0480  1.4220  2.7600  487.8330  0.0000  0.7510  0.0000  176.6880  0.0000  0.0000  0.3450  0.0000  
2965.9460  90815.8320  1507.2390  2645.5360  2.1650  1.5200  2.9010  547.4510  0.0000  3.2420  0.0000  185.7130  0.1330  0.0000  0.3650  0.0000  2965.9460  90815.8320  1507.2390  2645.5360  2.0480  1.4210  2.7610  488.2200  0.0000  0.7240  0.0000  176.7580  0.0000  0.0000  0.3450  0.0000  
2965.9400  90819.3840  1507.2080  2645.4900  2.1640  1.5190  2.9010  547.4390  0.0000  3.2610  0.0000  185.7100  0.1330  0.0000  0.3650  0.0000  2965.9400  90819.3840  1507.2080  2645.4900  2.0480  1.4220  2.7600  487.7150  0.0000  0.7350  0.0000  176.6670  0.0000  0.0000  0.3450  0.0000  
2965.9470  90782.4320  1507.3300  2645.6550  2.1640  1.5190  2.9010  547.2380  0.0000  3.3010  0.0000  185.6770  0.1330  0.0000  0.3650  0.0000  2965.9470  90782.4320  1507.3300  2645.6550  2.0480  1.4220  2.7600  487.8060  0.0000  0.6550  0.0000  176.6830  0.0000  0.0000  0.3450  0.0000  
2965.9550  90795.0960  1507.5130  2645.3420  2.1640  1.5190  2.9010  547.4330  0.0000  3.2490  0.0000  185.7100  0.1330  0.0000  0.3650  0.0000  2965.9550  90795.0960  1507.5130  2645.3420  2.0480  1.4220  2.7600  487.8320  0.0000  0.6760  0.0000  176.6880  0.0000  0.0000  0.3450  0.0000  
2965.9540  90773.4000  1506.9030  2645.6760  2.1640  1.5200  2.9010  547.2440  0.0000  3.2200  0.0000  185.6780  0.1330  0.0000  0.3650  0.0000  2965.9540  90773.4000  1506.9030  2645.6760  2.0470  1.4210  2.7590  487.3860  0.0000  0.7370  0.0000  176.6070  0.0000  0.0000  0.3440  0.0000  
2965.9290  90775.9760  1506.5870  2645.5120  2.1640  1.5190  2.9010  547.1970  0.0000  3.2270  0.0000  185.6700  0.1330  0.0000  0.3650  0.0000  2965.9290  90775.9760  1506.5870  2645.5120  2.0460  1.4200  2.7590  487.3080  0.0000  0.6910  0.0000  176.5930  0.0000  0.0000  0.3440  0.0000  
2965.9650  90806.0320  1507.4240  2645.5250  2.1640  1.5200  2.9010  547.3970  0.0000  3.2520  0.0000  185.7040  0.1330  0.0000  0.3650  0.0000  2965.9650  90806.0320  1507.4240  2645.5250  2.0460  1.4200  2.7580  486.9020  0.0000  0.7130  0.0000  176.5190  0.0000  0.0000  0.3440  0.0000  
2965.9740  90814.2560  1508.0640  2645.4420  2.1640  1.5190  2.9010  547.3860  0.0000  3.2350  0.0000  185.7010  0.1330  0.0000  0.3650  0.0000  2965.9740  90814.2560  1508.0640  2645.4420  2.0460  1.4200  2.7580  486.8690  0.0000  0.7010  0.0000  176.5120  0.0000  0.0000  0.3440  0.0000  
2965.9690  90810.2560  1506.7370  2645.7340  2.1640  1.5200  2.9010  547.5040  0.0000  3.2520  0.0000  185.7210  0.1330  0.0000  0.3650  0.0000  2965.9690  90810.2560  1506.7370  2645.7340  2.0450  1.4200  2.7570  486.6020  0.0000  0.7300  0.0000  176.4630  0.0000  0.0000  0.3440  0.0000  
2965.9370  90811.4160  1507.7510  2645.4470  2.1640  1.5190  2.9010  547.3860  0.0000  3.2290  0.0000  185.7020  0.1330  0.0000  0.3650  0.0000  2965.9370  90811.4160  1507.7510  2645.4470  2.0440  1.4190  2.7550  485.8360  0.0000  0.9210  0.0000  176.3250  0.0000  0.0000  0.3440  0.0000  
2965.9460  90887.9120  1508.8500  2645.4320  2.1650  1.5200  2.9020  547.8400  0.0000  3.2540  0.0000  185.7780  0.1330  0.0000  0.3650  0.0000  2965.9460  90887.9120  1508.8500  2645.4320  2.0440  1.4190  2.7550  486.1380  0.0000  0.6640  0.0000  176.3800  0.0000  0.0000  0.3440  0.0000  
2965.9550  90779.2640  1507.2540  2645.5320  2.1640  1.5190  2.9010  547.1850  0.0000  3.1870  0.0000  185.6670  0.1330  0.0000  0.3650  0.0000  2965.9550  90779.2640  1507.2540  2645.5320  2.0440  1.4190  2.7550  485.9940  0.0000  0.5870  0.0000  176.3530  0.0000  0.0000  0.3440  0.0000  
2965.9330  90723.2960  1506.4560  2645.6320  2.1630  1.5180  2.9000  546.9620  0.0000  3.2710  0.0000  185.6290  0.1330  0.0000  0.3650  0.0000  2965.9330  90723.2960  1506.4560  2645.6320  2.0420  1.4180  2.7530  485.1820  0.0000  0.6650  0.0000  176.2060  0.0000  0.0000  0.3440  0.0000  
2965.9390  90860.5600  1508.2850  2645.3920  2.1650  1.5200  2.9020  547.7160  0.0000  3.2070  0.0000  185.7580  0.1330  0.0000  0.3650  0.0000  2965.9390  90860.5600  1508.2850  2645.3920  2.0430  1.4180  2.7540  485.5520  0.0000  0.5070  0.0000  176.2750  0.0000  0.0000  0.3440  0.0000  
2965.9710  90812.5520  1506.9730  2645.7470  2.1650  1.5200  2.9010  547.4800  0.0000  3.1990  0.0000  185.7170  0.1330  0.0000  0.3650  0.0000  2965.9710  90812.5520  1506.9730  2645.7470  2.0420  1.4180  2.7520  485.0280  0.0000  0.5640  0.0000  176.1780  0.0000  0.0000  0.3440  0.0000  
2965.9880  90856.0160  1507.9750  2645.4840  2.1650  1.5200  2.9020  547.6810  0.0000  3.2600  0.0000  185.7510  0.1330  0.0000  0.3650  0.0000  2965.9880  90856.0160  1507.9750  2645.4840  2.0410  1.4160  2.7510  484.4870  0.0000  0.5410  0.0000  176.0810  0.0000  0.0000  0.3430  0.0000  
2965.9380  90753.1600  1506.6510  2645.5270  2.1640  1.5190  2.9010  547.1910  0.0000  3.2910  0.0000  185.6680  0.1330  0.0000  0.3650  0.0000  2965.9380  90753.1600  1506.6510  2645.5270  2.0390  1.4160  2.7490  483.8320  0.0000  0.5380  0.0000  175.9610  0.0000  0.0000  0.3430  0.0000  
2965.9760  90779.6560  1507.6920  2645.4990  2.1640  1.5190  2.9010  547.2860  0.0000  3.2350  0.0000  185.6850  0.1330  0.0000  0.3650  0.0000  2965.9760  90779.6560  1507.6920  2645.4990  2.0370  1.4140  2.7450  482.6190  0.0000  0.6450  0.0000  175.7400  0.0000  0.0000  0.3430  0.0000  
2965.9510  90802.0720  1507.0660  2645.6190  2.1640  1.5190  2.9010  547.3910  0.0000  3.2250  0.0000  185.7030  0.1330  0.0000  0.3650  0.0000  2965.9510  90802.0720  1507.0660  2645.6190  2.0300  1.4060  2.7390  480.2760  0.0000  0.7510  0.0000  175.3110  0.0000  0.0000  0.3420  0.0000  
2965.9480  90785.7920  1506.7260  2645.5420  2.1640  1.5190  2.9010  547.3560  0.0000  3.2090  0.0000  185.6960  0.1330  0.0000  0.3650  0.0000  2965.9480  90785.7920  1506.7260  2645.5420  2.0440  1.4190  2.7560  486.2160  0.0000  0.6740  0.0000  176.3950  0.0000  0.0000  0.3440  0.0000  
2965.9430  90822.3440  1507.8250  2645.3920  2.1640  1.5190  2.9010  547.4570  0.0000  3.2500  0.0000  185.7140  0.1330  0.0000  0.3650  0.0000  2965.9430  90822.3440  1507.8250  2645.3920  2.0450  1.4190  2.7560  486.2620  0.0000  0.6640  0.0000  176.4030  0.0000  0.0000  0.3440  0.0000  
2965.9650  90805.4400  1506.6730  2645.5810  2.1640  1.5190  2.9010  547.4330  0.0000  3.2180  0.0000  185.7100  0.1330  0.0000  0.3650  0.0000  2965.9650  90805.4400  1506.6730  2645.5810  2.0450  1.4200  2.7560  486.3060  0.0000  0.6420  0.0000  176.4100  0.0000  0.0000  0.3440  0.0000  
2965.9370  90813.1520  1507.2220  2645.5150  2.1640  1.5190  2.9010  547.5100  0.0000  3.2280  0.0000  185.7230  0.1330  0.0000  0.3650  0.0000  2965.9370  90813.1520  1507.2220  2645.5150  2.0430  1.4190  2.7540  485.6890  0.0000  0.6940  0.0000  176.2980  0.0000  0.0000  0.3440  0.0000  
2965.9580  90823.2640  1507.3340  2645.5990  2.1650  1.5200  2.9020  547.5620  0.0000  3.2260  0.0000  185.7320  0.1330  0.0000  0.3650  0.0000  2965.9580  90823.2640  1507.3340  2645.5990  2.0420  1.4170  2.7530  485.3460  0.0000  0.6770  0.0000  176.2360  0.0000  0.0000  0.3440  0.0000  
2965.9460  90835.8080  1506.7590  2645.7420  2.1650  1.5200  2.9020  547.5800  0.0000  3.2620  0.0000  185.7350  0.1330  0.0000  0.3650  0.0000  2965.9460  90835.8080  1506.7590  2645.7420  2.0400  1.4170  2.7500  484.2510  0.0000  0.7960  0.0000  176.0370  0.0000  0.0000  0.3430  0.0000  
2965.9500  90826.7600  1507.2450  2645.5330  2.1640  1.5200  2.9010  547.4800  0.0000  3.2330  0.0000  185.7170  0.1330  0.0000  0.3650  0.0000  2965.9500  90826.7600  1507.2450  2645.5330  2.0390  1.4150  2.7490  483.8630  0.0000  0.7280  0.0000  175.9650  0.0000  0.0000  0.3430  0.0000  
2965.9730  90804.6720  1507.8620  2645.4460  2.1640  1.5190  2.9010  547.3500  0.0000  3.2590  0.0000  185.6960  0.1330  0.0000  0.3650  0.0000  2965.9730  90804.6720  1507.8620  2645.4460  2.0250  1.4050  2.7310  477.4120  0.0000  0.7490  0.0000  174.7870  0.0000  0.0000  0.3410  0.0000  
2966.0030  90766.5600  1507.6010  2645.6140  2.1640  1.5190  2.9010  547.2090  0.0000  3.2250  0.0000  185.6720  0.1330  0.0000  0.3650  0.0000  2966.0030  90766.5600  1507.6010  2645.6140  2.0390  1.4170  2.7470  483.0380  0.0000  0.7820  0.0000  175.8130  0.0000  0.0000  0.3430  0.0000  
2965.9740  90768.1600  1507.2090  2645.5540  2.1640  1.5190  2.9000  547.1560  0.0000  3.2310  0.0000  185.6630  0.1330  0.0000  0.3650  0.0000  2965.9740  90768.1600  1507.2090  2645.5540  2.0400  1.4150  2.7500  484.1370  0.0000  0.7480  0.0000  176.0160  0.0000  0.0000  0.3430  0.0000  
2965.9510  90739.4800  1506.8780  2645.6390  2.1630  1.5190  2.9000  547.0260  0.0000  3.2710  0.0000  185.6410  0.1330  0.0000  0.3650  0.0000  2965.9510  90739.4800  1506.8780  2645.6390  2.0380  1.4150  2.7470  483.2600  0.0000  0.8400  0.0000  175.8550  0.0000  0.0000  0.3430  0.0000  
2965.9470  90793.1200  1507.5670  2645.6040  2.1640  1.5190  2.9010  547.2560  0.0000  3.2460  0.0000  185.6790  0.1330  0.0000  0.3650  0.0000  2965.9470  90793.1200  1507.5670  2645.6040  2.0380  1.4150  2.7480  483.3660  0.0000  0.8420  0.0000  175.8740  0.0000  0.0000  0.3430  0.0000  
2965.9710  90719.6320  1506.1790  2645.6090  2.1630  1.5190  2.9000  546.9500  0.0000  3.2330  0.0000  185.6270  0.1330  0.0000  0.3650  0.0000  2965.9710  90719.6320  1506.1790  2645.6090  2.0380  1.4150  2.7470  483.0710  0.0000  0.7850  0.0000  175.8220  0.0000  0.0000  0.3430  0.0000  
2965.9730  90787.0560  1506.8510  2645.5670  2.1640  1.5190  2.9010  547.3740  0.0000  3.2320  0.0000  185.7000  0.1330  0.0000  0.3650  0.0000  2965.9730  90787.0560  1506.8510  2645.5670  2.0370  1.4140  2.7460  482.6630  0.0000  0.8300  0.0000  175.7480  0.0000  0.0000  0.3430  0.0000  
2965.9410  90841.6000  1508.0340  2645.3830  2.1650  1.5200  2.9020  547.5920  0.0000  3.1890  0.0000  185.7370  0.1330  0.0000  0.3650  0.0000  2965.9410  90841.6000  1508.0340  2645.3830  2.0360  1.4120  2.7450  482.3550  0.0000  0.8070  0.0000  175.6910  0.0000  0.0000  0.3430  0.0000  
2965.9530  90779.4640  1506.7450  2645.6700  2.1640  1.5190  2.9010  547.1910  0.0000  3.2040  0.0000  185.6690  0.1330  0.0000  0.3650  0.0000  2965.9530  90779.4640  1506.7450  2645.6700  2.0350  1.4130  2.7430  481.8100  0.0000  0.6670  0.0000  175.5920  0.0000  0.0000  0.3420  0.0000  
2965.9380  90825.4160  1507.3760  2645.4010  2.1640  1.5190  2.9010  547.4860  0.0000  3.2620  0.0000  185.7190  0.1330  0.0000  0.3650  0.0000  2965.9380  90825.4160  1507.3760  2645.4010  2.0320  1.4100  2.7390  480.4230  0.0000  0.7460  0.0000  175.3380  0.0000  0.0000  0.3420  0.0000  
2965.9370  90854.3120  1507.7890  2645.4040  2.1650  1.5200  2.9020  547.6860  0.0000  3.2220  0.0000  185.7530  0.1330  0.0000  0.3650  0.0000  2965.9370  90854.3120  1507.7890  2645.4040  2.0450  1.4190  2.7560  486.3210  0.0000  0.4380  0.0000  176.4140  0.0000  0.0000  0.3440  0.0000  
2965.9670  90761.8720  1506.6920  2645.5970  2.1640  1.5190  2.9010  547.2270  0.0000  3.2110  0.0000  185.6750  0.1330  0.0000  0.3650  0.0000  2965.9670  90761.8720  1506.6920  2645.5970  2.0440  1.4190  2.7550  486.0580  0.0000  0.5300  0.0000  176.3650  0.0000  0.0000  0.3440  0.0000  
2965.9520  90834.6000  1507.7550  2645.4890  2.1640  1.5190  2.9010  547.5270  0.0000  3.2350  0.0000  185.7250  0.1330  0.0000  0.3650  0.0000  2965.9520  90834.6000  1507.7550  2645.4890  2.0430  1.4180  2.7540  485.5740  0.0000  0.4560  0.0000  176.2790  0.0000  0.0000  0.3440  0.0000  
2965.9690  90822.6240  1507.2620  2645.6090  2.1650  1.5200  2.9020  547.5450  0.0000  3.2330  0.0000  185.7290  0.1330  0.0000  0.3650  0.0000  2965.9690  90822.6240  1507.2620  2645.6090  2.0410  1.4170  2.7510  484.6930  0.0000  0.5110  0.0000  176.1180  0.0000  0.0000  0.3430  0.0000  
2965.9520  90819.1840  1507.6140  2645.5930  2.1640  1.5190  2.9010  547.4740  0.0000  3.2060  0.0000  185.7170  0.1330  0.0000  0.3650  0.0000  2965.9520  90819.1840  1507.6140  2645.5930  2.0390  1.4150  2.7490  483.8900  0.0000  0.5010  0.0000  175.9710  0.0000  0.0000  0.3430  0.0000  
2965.9410  90830.6240  1507.7120  2645.5670  2.1640  1.5190  2.9010  547.4740  0.0000  3.2180  0.0000  185.7170  0.1330  0.0000  0.3650  0.0000  2965.9410  90830.6240  1507.7120  2645.5670  2.0350  1.4120  2.7430  481.5970  0.0000  0.5440  0.0000  175.5530  0.0000  0.0000  0.3420  0.0000  
2965.9520  90808.4560  1506.7470  2645.5820  2.1640  1.5200  2.9010  547.5040  0.0000  3.2450  0.0000  185.7210  0.1330  0.0000  0.3650  0.0000  2965.9520  90808.4560  1506.7470  2645.5820  2.0320  1.4100  2.7400  480.6370  0.0000  0.5550  0.0000  175.3770  0.0000  0.0000  0.3420  0.0000  
2965.9930  90819.3680  1507.7470  2645.6400  2.1650  1.5200  2.9020  547.5800  0.0000  3.2380  0.0000  185.7350  0.1330  0.0000  0.3650  0.0000  2965.9930  90819.3680  1507.7470  2645.6400  2.0210  1.4010  2.7270  476.0440  0.0000  0.6580  0.0000  174.5360  0.0000  0.0000  0.3400  0.0000  
2965.9940  90817.2480  1507.0600  2645.7370  2.1650  1.5200  2.9010  547.4860  0.0000  3.1800  0.0000  185.7180  0.1330  0.0000  0.3650  0.0000  2965.9940  90817.2480  1507.0600  2645.7370  2.0300  1.4090  2.7370  479.7130  0.0000  0.6140  0.0000  175.2090  0.0000  0.0000  0.3420  0.0000  
2965.9470  90799.6880  1506.6270  2645.5750  2.1640  1.5200  2.9010  547.4270  0.0000  3.2000  0.0000  185.7080  0.1330  0.0000  0.3650  0.0000  2965.9470  90799.6880  1506.6270  2645.5750  2.0280  1.4080  2.7340  478.7410  0.0000  0.5640  0.0000  175.0320  0.0000  0.0000  0.3410  0.0000  
2965.9140  90834.8400  1507.2830  2645.3980  2.1650  1.5200  2.9010  547.4980  0.0000  3.2320  0.0000  185.7210  0.1330  0.0000  0.3650  0.0000  2965.9140  90834.8400  1507.2830  2645.3980  2.0250  1.4050  2.7290  476.9450  0.0000  0.6260  0.0000  174.7020  0.0000  0.0000  0.3410  0.0000  
2965.9200  90818.8880  1507.3960  2645.3770  2.1640  1.5200  2.9010  547.3980  0.0000  3.2270  0.0000  185.7040  0.1330  0.0000  0.3650  0.0000  2965.9200  90818.8880  1507.3960  2645.3770  2.0270  1.4070  2.7320  477.9750  0.0000  0.7150  0.0000  174.8910  0.0000  0.0000  0.3410  0.0000  
2965.9700  90787.2640  1507.1080  2645.4590  2.1640  1.5190  2.9010  547.3440  0.0000  3.2100  0.0000  185.6950  0.1330  0.0000  0.3650  0.0000  2965.9700  90787.2640  1507.1080  2645.4590  2.0280  1.4070  2.7340  478.6020  0.0000  0.6900  0.0000  175.0050  0.0000  0.0000  0.3410  0.0000  
2965.9420  90779.5040  1506.6120  2645.3500  2.1640  1.5200  2.9010  547.2210  0.0000  3.2180  0.0000  185.6730  0.1330  0.0000  0.3650  0.0000  2965.9420  90779.5040  1506.6120  2645.3500  2.0280  1.4080  2.7340  478.6220  0.0000  0.7220  0.0000  175.0080  0.0000  0.0000  0.3410  0.0000  
2965.9820  90768.6080  1507.5240  2645.5860  2.1640  1.5190  2.9010  547.2560  0.0000  3.3040  0.0000  185.6790  0.1330  0.0000  0.3650  0.0000  2965.9820  90768.6080  1507.5240  2645.5860  2.0430  1.4180  2.7530  485.3640  0.0000  0.6540  0.0000  176.2380  0.0000  0.0000  0.3440  0.0000  
2965.9860  90795.3680  1507.3210  2645.6160  2.1640  1.5190  2.9010  547.3620  0.0000  3.2360  0.0000  185.6970  0.1330  0.0000  0.3650  0.0000  2965.9860  90795.3680  1507.3210  2645.6160  2.0370  1.4140  2.7460  482.7390  0.0000  0.6930  0.0000  175.7620  0.0000  0.0000  0.3430  0.0000  
2965.9510  90773.3520  1506.9580  2645.4430  2.1640  1.5190  2.9010  547.2380  0.0000  3.1890  0.0000  185.6760  0.1330  0.0000  0.3650  0.0000  2965.9510  90773.3520  1506.9580  2645.4430  2.0300  1.4100  2.7360  479.3750  0.0000  0.7880  0.0000  175.1470  0.0000  0.0000  0.3420  0.0000  
2965.9820  90813.5440  1507.6010  2645.5700  2.1650  1.5190  2.9020  547.6210  0.0000  3.2360  0.0000  185.7410  0.1330  0.0000  0.3650  0.0000  2965.9820  90813.5440  1507.6010  2645.5700  2.0340  1.4110  2.7410  481.0620  0.0000  0.7300  0.0000  175.4520  0.0010  0.0000  0.3420  0.0000  
2965.9620  90761.3440  1507.1940  2645.6290  2.1630  1.5190  2.9000  547.0970  0.0000  3.2410  0.0000  185.6530  0.1330  0.0000  0.3650  0.0000  2965.9620  90761.3440  1507.1940  2645.6290  2.0440  1.4190  2.7560  486.2000  0.0000  0.7680  0.0000  176.3910  0.0000  0.0000  0.3440  0.0000  
2965.9410  90765.5360  1506.7720  2645.5020  2.1640  1.5190  2.9000  547.1560  0.0000  3.2020  0.0000  185.6630  0.1330  0.0000  0.3650  0.0000  2965.9410  90765.5360  1506.7720  2645.5020  2.0450  1.4190  2.7560  486.3460  0.0000  0.8050  0.0000  176.4170  0.0000  0.0000  0.3440  0.0000  
2965.9490  90777.9360  1507.2050  2645.4430  2.1640  1.5190  2.9010  547.2390  0.0000  3.2880  0.0000  185.6760  0.1330  0.0000  0.3650  0.0000  2965.9490  90777.9360  1507.2050  2645.4430  2.0450  1.4190  2.7570  486.6580  0.0000  0.5120  0.0000  176.4740  0.0000  0.0000  0.3440  0.0000  
2965.9710  90742.5520  1506.7740  2645.5220  2.1640  1.5190  2.9000  547.0320  0.0000  3.2650  0.0000  185.6420  0.1330  0.0000  0.3650  0.0000  2965.9710  90742.5520  1506.7740  2645.5220  2.0450  1.4200  2.7560  486.4310  0.0000  0.5090  0.0000  176.4340  0.0000  0.0000  0.3440  0.0000  
2965.9330  90797.2960  1507.2700  2645.4500  2.1640  1.5190  2.9010  547.2620  0.0000  3.2080  0.0000  185.6810  0.1330  0.0000  0.3650  0.0000  2965.9330  90797.2960  1507.2700  2645.4500  2.0440  1.4190  2.7560  486.2420  0.0000  0.5460  0.0000  176.3980  0.0000  0.0000  0.3440  0.0000  
2965.9630  90722.0480  1506.0810  2645.7450  2.1640  1.5190  2.9000  547.0260  0.0000  3.2310  0.0000  185.6400  0.1330  0.0000  0.3650  0.0000  2965.9630  90722.0480  1506.0810  2645.7450  2.0430  1.4180  2.7540  485.7780  0.0000  0.6320  0.0000  176.3130  0.0000  0.0000  0.3440  0.0000  
2966.0030  90779.7360  1507.2970  2645.6570  2.1640  1.5200  2.9010  547.3560  0.0000  3.2320  0.0000  185.6960  0.1330  0.0000  0.3650  0.0000  2966.0030  90779.7360  1507.2970  2645.6570  2.0430  1.4190  2.7540  485.5000  0.0000  0.6190  0.0000  176.2620  0.0000  0.0000  0.3440  0.0000  
2965.9580  90776.5520  1506.6370  2645.6610  2.1640  1.5190  2.9010  547.2920  0.0000  3.2620  0.0000  185.6850  0.1330  0.0000  0.3650  0.0000  2965.9580  90776.5520  1506.6370  2645.6610  2.0420  1.4180  2.7530  485.1150  0.0000  0.6600  0.0000  176.1920  0.0000  0.0000  0.3440  0.0000  
2965.9310  90824.1440  1507.2160  2645.5240  2.1640  1.5200  2.9010  547.4630  0.0000  3.2520  0.0000  185.7150  0.1330  0.0000  0.3650  0.0000  2965.9310  90824.1440  1507.2160  2645.5240  2.0420  1.4180  2.7530  485.2270  0.0000  0.7000  0.0000  176.2140  0.0000  0.0000  0.3440  0.0000  
2965.9860  90824.1360  1507.9670  2645.6680  2.1650  1.5200  2.9020  547.5740  0.0000  3.2200  0.0000  185.7330  0.1330  0.0000  0.3650  0.0000  2965.9860  90824.1360  1507.9670  2645.6680  2.0420  1.4170  2.7520  484.9590  0.0000  0.7310  0.0000  176.1640