啐靛燢--鮱?17.4240  77.1000  157.7490  29025.2480  0.0000  27.8990  0.0000  1577.4990  17.4620  0.0000  49.9020  0.0000  18.7010  69410.6880  2825.0410  16.3480  129.0740  85.9000  172.2500  26749.8880  0.0000  26.2990  0.0000  1722.5000  4.9260  0.0000  54.4740  0.0000  
18.7010  69410.6880  2825.0410  16.3480  117.4240  77.1000  157.7490  29025.2480  0.0000  27.8990  0.0000  1577.4990  17.4620  0.0000  49.9020  0.0000  18.7010  69410.6880  2825.0410  16.3480  129.0740  85.9000  172.2500  26749.8880  0.0000  26.2990  0.0000  1722.5000  4.9260  0.0000  54.4740  0.0000  
18.7010  69410.6880  2825.0410  16.3480  117.4240  77.1000  157.7490  29025.2480  0.0000  27.8990  0.0000  1577.4990  17.4620  0.0000  49.9020  0.0000  18.7010  69410.6880  2825.0410  16.3480  129.0740  85.9000  172.2500  26749.8880  0.0000  26.2990  0.0000  1722.5000  4.9260  0.0000  54.4740  0.0000  
18.7010  69410.6880  2825.0410  16.3480  117.4240  77.1000  157.7490  29025.2480  0.0000  27.8990  0.0000  1577.4990  17.4620  0.0000  49.9020  0.0000  18.7010  69410.6880  2825.0410  16.3480  129.0740  85.9000  172.2500  26749.8880  0.0000  26.2990  0.0000  1722.5000  4.9260  0.0000  54.4740  0.0000  
18.7010  69410.6880  2825.0410  16.3480  117.4240  77.1000  157.7490  29025.2480  0.0000  27.8990  0.0000  1577.4990  17.4620  0.0000  49.9020  0.0000  18.7010  69410.6880  2825.0410  16.3480  129.0740  85.9000  172.2500  26749.8880  0.0000  26.2990  0.0000  1722.5000  4.9260  0.0000  54.4740  0.0000  
18.7010  69410.6880  2825.0410  16.3480  117.4240  77.1000  157.7490  29025.2480  0.0000  27.8990  0.0000  1577.4990  17.4620  0.0000  49.9020  0.0000  18.7010  69410.6880  2825.0410  16.3480  129.0740  85.9000  172.2500  26749.8880  0.0000  26.2990  0.0000  1722.5000  4.9260  0.0000  54.4740  0.0000  
18.7010  69410.6880  2825.0410  16.3480  117.4240  77.1000  157.7490  29025.2480  0.0000  27.8990  0.0000  1577.4990  17.4620  0.0000  49.9020  0.0000  18.7010  69410.6880  2825.0410  16.3480  129.0740  85.9000  172.2500  26749.8880  0.0000  26.2990  0.0000  1722.5000  4.9260  0.0000  54.4740  0.0000  
18.7010  69410.6880  2825.0410  16.3480  117.4240  77.1000  157.7490  29025.2480  0.0000  27.8990  0.0000  1577.4990  17.4620  0.0000  49.9020  0.0000  18.7010  69410.6880  2825.0410  16.3480  129.0740  85.9000  172.2500  26749.8880  0.0000  26.2990  0.0000  1722.5000  4.9260  0.0000  54.4740  0.0000  
18.7010  69410.6880  2825.0410  16.3480  117.4240  77.1000  157.7490  29025.2480  0.0000  27.8990  0.0000  1577.4990  17.4620  0.0000  49.9020  0.0000  18.7010  69410.6880  2825.0410  16.3480  129.0740  85.9000  172.2500  26749.8880  0.0000  26.2990  0.0000  1722.5000  4.9260  0.0000  54.4740  0.0000  
18.7010  69410.6880  2825.0410  16.3480  117.4240  77.1000  157.7490  29025.2480  0.0000  27.8990  0.0000  1577.4990  17.4620  0.0000  49.9020  0.0000  18.7010  69410.6880  2825.0410  16.3480  129.0740  85.9000  172.2500  26749.8880  0.0000  26.2990  0.0000  1722.5000  4.9260  0.0000  54.4740  0.0000  
18.7010  69410.6880  2825.0410  16.3480  117.4240  77.1000  157.7490  29025.2480  0.0000  27.8990  0.0000  1577.4990  17.4620  0.0000  49.9020  0.0000  18.7010  69410.6880  2825.0410  16.3480  129.0740  85.9000  172.2500  26749.8880  0.0000  26.2990  0.0000  1722.5000  4.9260  0.0000  54.4740  0.0000  
18.7010  69410.6880  2825.0410  16.3480  117.4240  77.1000  157.7490  29025.2480  0.0000  27.8990  0.0000  1577.4990  17.4620  0.0000  49.9020  0.0000  18.7010  69410.6880  2825.0410  16.3480  129.0740  85.9000  172.2500  26749.8880  0.0000  26.2990  0.0000  1722.5000  4.9260  0.0000  54.4740  0.0000  
18.7010  69410.6880  2825.0410  16.3480  117.4240  77.1000  157.7490  29025.2480  0.0000  27.8990  0.0000  1577.4990  17.4620  0.0000  49.9020  0.0000  18.7010  69410.6880  2825.0410  16.3480  129.0740  85.9000  172.2500  26749.8880  0.0000  26.2990  0.0000  1722.5000  4.9260  0.0000  54.4740  0.0000  
18.7010  69410.6880  2825.0410  16.3480  117.4240  77.1000  157.7490  29025.2480  0.0000  27.8990  0.0000  1577.4990  17.4620  0.0000  49.9020  0.0000  18.7010  69410.6880  2825.0410  16.3480  129.0740  85.9000  172.2500  26749.8880  0.0000  26.2990  0.0000  1722.5000  4.9260  0.0000  54.4740  0.0000  
18.7010  69410.6880  2825.0410  16.3480  117.4240  77.1000  157.7490  29025.2480  0.0000  27.8990  0.0000  1577.4990  17.4620  0.0000  49.9020  0.0000  18.7010  69410.6880  2825.0410  16.3480  129.0740  85.9000  172.2500  26749.8880  0.0000  26.2990  0.0000  1722.5000  4.9260  0.0000  54.4740  0.0000  
18.7010  69410.6880  2825.0410  16.3480  117.4240  77.1000  157.7490  29025.2480  0.0000  27.8990  0.0000  1577.4990  17.4620  0.0000  49.9020  0.0000  18.7010  69410.6880  2825.0410  16.3480  129.0740  85.9000  172.2500  26749.8880  0.0000  26.2990  0.0000  1722.5000  4.9260  0.0000  54.4740  0.0000  
18.7010  69410.6880  2825.0410  16.3480  117.4240  77.1000  157.7490  29025.2480  0.0000  27.8990  0.0000  1577.4990  17.4620  0.0000  49.9020  0.0000  18.7010  69410.6880  2825.0410  16.3480  129.0740  85.9000  172.2500  26749.8880  0.0000  26.2990  0.0000  1722.5000  4.9260  0.0000  54.4740  0.0000  
18.7010  69410.6880  2825.0410  16.3480  117.4240  77.1000  157.7490  29025.2480  0.0000  27.8990  0.0000  1577.4990  17.4620  0.0000  49.9020  0.0000  18.7010  69410.6880  2825.0410  16.3480  129.0740  85.9000  172.2500  26749.8880  0.0000  26.2990  0.0000  1722.5000  4.9260  0.0000  54.4740  0.0000  
18.7010  69410.6880  2825.0410  16.3480  117.4240  77.1000  157.7490  29025.2480  0.0000  27.8990  0.0000  1577.4990  17.4620  0.0000  49.9020  0.0000  18.7010  69410.6880  2825.0410  16.3480  129.0740  85.9000  172.2500  26749.8880  0.0000  26.2990  0.0000  1722.5000  4.9260  0.0000  54.4740  0.0000  
18.7010  69410.6880  2825.0410  16.3480  117.4240  77.1000  157.7490  29025.2480  0.0000  27.8990  0.0000  1577.4990  17.4620  0.0000  49.9020  0.0000  18.7010  69410.6880  2825.0410  16.3480  129.0740  85.9000  172.2500  26749.8880  0.0000  26.2990  0.0000  1722.5000  4.9260  0.0000  54.4740  0.0000  
18.7010  69410.6880  2825.0410  16.3480  117.4240  77.1000  157.7490  29025.2480  0.0000  27.8990  0.0000  1577.4990  17.4620  0.0000  49.9020  0.0000  18.7010  69410.6880  2825.0410  16.3480  129.0740  85.9000  172.2500  26749.8880  0.0000  26.2990  0.0000  1722.5000  4.9260  0.0000  54.4740  0.0000  
18.7010  69410.6880  2825.0410  16.3480  117.4240  77.1000  157.7490  29025.2480  0.0000  27.8990  0.0000  1577.4990  17.4620  0.0000  49.9020  0.0000  18.7010  69410.6880  2825.0410  16.3480  129.0740  85.9000  172.2500  26749.8880  0.0000  26.2990  0.0000  1722.5000  4.9260  0.0000  54.4740  0.0000  
18.7010  69410.6880  2825.0410  16.3480  117.4240  77.1000  157.7490  29025.2480  0.0000  27.8990  0.0000  1577.4990  17.4620  0.0000  49.9020  0.0000  18.7010  69410.6880  2825.0410  16.3480  129.0740  85.9000  172.2500  26749.8880  0.0000  26.2990  0.0000  1722.5000  4.9260  0.0000  54.4740  0.0000  
18.7010  69410.6880  2825.0410  16.3480  117.4240  77.1000  157.7490  29025.2480  0.0000  27.8990  0.0000  1577.4990  17.4620  0.0000  49.9020  0.0000  18.7010  69410.6880  2825.0410  16.3480  129.0740  85.9000  172.2500  26749.8880  0.0000  26.2990  0.0000  1722.5000  4.9260  0.0000  54.4740  0.0000  
18.7010  69410.6880  2825.0410  16.3480  117.4240  77.1000  157.7490  29025.2480  0.0000  27.8990  0.0000  1577.4990  17.4620  0.0000  49.9020  0.0000  18.7010  69410.6880  2825.0410  16.3480  129.0740  85.9000  172.2500  26749.8880  0.0000  26.2990  0.0000  1722.5000  4.9260  0.0000  54.4740  0.0000  
18.7010  69410.6880  2825.0410  16.3480  117.4240  77.1000  157.7490  29025.2480  0.0000  27.8990  0.0000  1577.4990  17.4620  0.0000  49.9020  0.0000  18.7010  69410.6880  2825.0410  16.3480  129.0740  85.9000  172.2500  26749.8880  0.0000  26.2990  0.0000  1722.5000  4.9260  0.0000  54.4740  0.0000  
18.7010  69410.6880  2825.0410  16.3480  117.4240  77.1000  157.7490  29025.2480  0.0000  27.8990  0.0000  1577.4990  17.4620  0.0000  49.9020  0.0000  18.7010  69410.6880  2825.0410  16.3480  129.0740  85.9000  172.2500  26749.8880  0.0000  26.2990  0.0000  1722.5000  4.9260  0.0000  54.4740  0.0000  
18.7010  69410.6880  2825.0410  16.3480  117.4240  77.1000  157.7490  29025.2480  0.0000  27.8990  0.0000  1577.4990  17.4620  0.0000  49.9020  0.0000  18.7010  69410.6880  2825.0410  16.3480  129.0740  85.9000  172.2500  26749.8880  0.0000  26.2990  0.0000  1722.5000  4.9260  0.0000  54.4740  0.0000  
18.7010  69410.6880  2825.0410  16.3480  117.4240  77.1000  157.7490  29025.2480  0.0000  27.8990  0.0000  1577.4990  17.4620  0.0000  49.9020  0.0000  18.7010  69410.6880  2825.0410  16.3480  129.0740  85.9000  172.2500  26749.8880  0.0000  26.2990  0.0000  1722.5000  4.9260  0.0000  54.4740  0.0000  
18.7010  69410.6880  2825.0410  16.3480  117.4240  77.1000  157.7490  29025.2480  0.0000  27.8990  0.0000  1577.4990  17.4620  0.0000  49.9020  0.0000  18.7010  69410.6880  2825.0410  16.3480  129.0740  85.9000  172.2500  26749.8880  0.0000  26.2990  0.0000  1722.5000  4.9260  0.0000  54.4740  0.0000  
18.7010  69410.6880  2825.0410  16.3480  117.4240  77.1000  157.7490  29025.2480  0.0000  27.8990  0.0000  1577.4990  17.4620  0.0000  49.9020  0.0000  18.7010  69410.6880  2825.0410  16.3480  129.0740  85.9000  172.2500  26749.8880  0.0000  26.2990  0.0000  1722.5000  4.9260  0.0000  54.4740  0.0000  
18.7010  69410.6880  2825.0410  16.3480  117.4240  77.1000  157.7490  29025.2480  0.0000  27.8990  0.0000  1577.4990  17.4620  0.0000  49.9020  0.0000  18.7010  69410.6880  2825.0410  16.3480  129.0740  85.9000  172.2500  26749.8880  0.0000  26.2990  0.0000  1722.5000  4.9260  0.0000  54.4740  0.0000  
18.7010  69410.6880  2825.0410  16.3480  117.4240  77.1000  157.7490  29025.2480  0.0000  27.8990  0.0000  1577.4990  17.4620  0.0000  49.9020  0.0000  18.7010  69410.6880  2825.0410  16.3480  129.0740  85.9000  172.2500  26749.8880  0.0000  26.2990  0.0000  1722.5000  4.9260  0.0000  54.4740  0.0000  
18.7010  69410.6880  2825.0410  16.3480  117.4240  77.1000  157.7490  29025.2480  0.0000  27.8990  0.0000  1577.4990  17.4620  0.0000  49.9020  0.0000  18.7010  69410.6880  2825.0410  16.3480  129.0740  85.9000  172.2500  26749.8880  0.0000  26.2990  0.0000  1722.5000  4.9260  0.0000  54.4740  0.0000  
18.7010  69410.6880  2825.0410  16.3480  117.4240  77.1000  157.7490  29025.2480  0.0000  27.8990  0.0000  1577.4990  17.4620  0.0000  49.9020  0.0000  18.7010  69410.6880  2825.0410  16.3480  129.0740  85.9000  172.2500  26749.8880  0.0000  26.2990  0.0000  1722.5000  4.9260  0.0000  54.4740  0.0000  
18.7010  69410.6880  2825.0410  16.3480  117.4240  77.1000  157.7490  29025.2480  0.0000  27.8990  0.0000  1577.4990  17.4620  0.0000  49.9020  0.0000  18.7010  69410.6880  2825.0410  16.3480  129.0740  85.9000  172.2500  26749.8880  0.0000  26.2990  0.0000  1722.5000  4.9260  0.0000  54.4740  0.0000  
18.7010  69410.6880  2825.0410  16.3480  117.4240  77.1000  157.7490  29025.2480  0.0000  27.8990  0.0000  1577.4990  17.4620  0.0000  49.9020  0.0000  18.7010  69410.6880  2825.0410  16.3480  129.0740  85.9000  172.2500  26749.8880  0.0000  26.2990  0.0000  1722.5000  4.9260  0.0000  54.4740  0.0000  
18.7010  69410.6880  2825.0410  16.3480  117.4240  77.1000  157.7490  29025.2480  0.0000  27.8990  0.0000  1577.4990  17.4620  0.0000  49.9020  0.0000  18.7010  69410.6880  2825.0410  16.3480  129.0740  85.9000  172.2500  26749.8880  0.0000  26.2990  0.0000  1722.5000  4.9260  0.0000  54.4740  0.0000  
18.7010  69410.6880  2825.0410  16.3480  117.4240  77.1000  157.7490  29025.2480  0.0000  27.8990  0.0000  1577.4990  17.4620  0.0000  49.9020  0.0000  18.7010  69410.6880  2825.0410  16.3480  129.0740  85.9000  172.2500  26749.8880  0.0000  26.2990  0.0000  1722.5000  4.9260  0.0000  54.4740  0.0000  
18.7010  69410.6880  2825.0410  16.3480  117.4240  77.1000  157.7490  29025.2480  0.0000  27.8990  0.0000  1577.4990  17.4620  0.0000  49.9020  0.0000  18.7010  69410.6880  2825.0410  16.3480  129.0740  85.9000  172.2500  26749.8880  0.0000  26.2990  0.0000  1722.5000  4.9260  0.0000  54.4740  0.0000  
18.7010  69410.6880  2825.0410  16.3480  117.4240  77.1000  157.7490  29025.2480  0.0000  27.8990  0.0000  1577.4990  17.4620  0.0000  49.9020  0.0000  18.7010  69410.6880  2825.0410  16.3480  129.0740  85.9000  172.2500  26749.8880  0.0000  26.2990  0.0000  1722.5000  4.9260  0.0000  54.4740  0.0000  
18.7010  69410.6880  2825.0410  16.3480  117.4240  77.1000  157.7490  29025.2480  0.0000  27.8990  0.0000  1577.4990  17.4620  0.0000  49.9020  0.0000  18.7010  69410.6880  2825.0410  16.3480  129.0740  85.9000  172.2500  26749.8880  0.0000  26.2990  0.0000  1722.5000  4.9260  0.0000  54.4740  0.0000  
18.7010  69410.6880  2825.0410  16.3480  117.4240  77.1000  157.7490  29025.2480  0.0000  27.8990  0.0000  1577.4990  17.4620  0.0000  49.9020  0.0000  18.7010  69410.6880  2825.0410  16.3480  129.0740  85.9000  172.2500  26749.8880  0.0000  26.2990  0.0000  1722.5000  4.9260  0.0000  54.4740  0.0000  
18.7010  69410.6880  2825.0410  16.3480  117.4240  77.1000  157.7490  29025.2480  0.0000  27.8990  0.0000  1577.4990  17.4620  0.0000  49.9020  0.0000  18.7010  69410.6880  2825.0410  16.3480  129.0740  85.9000  172.2500  26749.8880  0.0000  26.2990  0.0000  1722.5000  4.9260  0.0000  54.4740  0.0000  
18.7010  69410.6880  2825.0410  16.3480  117.4240  77.1000  157.7490  29025.2480  0.0000  27.8990  0.0000  1577.4990  17.4620  0.0000  49.9020  0.0000  18.7010  69410.6880  2825.0410  16.3480  129.0740  85.9000  172.2500  26749.8880  0.0000  26.2990  0.0000  1722.5000  4.9260  0.0000  54.4740  0.0000  
18.7010  69410.6880  2825.0410  16.3480  117.4240  77.1000  157.7490  29025.2480  0.0000  27.8990  0.0000  1577.4990  17.4620  0.0000  49.9020  0.0000  18.7010  69410.6880  2825.0410  16.3480  129.0740  85.9000  172.2500  26749.8880  0.0000  26.2990  0.0000  1722.5000  4.9260  0.0000  54.4740  0.0000  
18.7010  69410.6880  2825.0410  16.3480  117.4240  77.1000  157.7490  29025.2480  0.0000  27.8990  0.0000  1577.4990  17.4620  0.0000  49.9020  0.0000  18.7010  69410.6880  2825.0410  16.3480  129.0740  85.9000  172.2500  26749.8880  0.0000  26.2990  0.0000  1722.5000  4.9260  0.0000  54.4740  0.0000  
18.7010  69410.6880  2825.0410  16.3480  117.4240  77.1000  157.7490  29025.2480  0.0000  27.8990  0.0000  1577.4990  17.4620  0.0000  49.9020  0.0000  18.7010  69410.6880  2825.0410  16.3480  129.0740  85.9000  172.2500  26749.8880  0.0000  26.2990  0.0000  1722.5000  4.9260  0.0000  54.4740  0.0000  
18.7010  69410.6880  2825.0410  16.3480  117.4240  77.1000  157.7490  29025.2480  0.0000  27.8990  0.0000  1577.4990  17.4620  0.0000  49.9020  0.0000  18.7010  69410.6880  2825.0410  16.3480  129.0740  85.9000  172.2500  26749.8880  0.0000  26.2990  0.0000  1722.5000  4.9260  0.0000  54.4740  0.0000  
18.7010  69410.6880  2825.0410  16.3480  117.4240  77.1000  157.7490  29025.2480  0.0000  27.8990  0.0000  1577.4990  17.4620  0.0000  49.9020  0.0000  18.7010  69410.6880  2825.0410  16.3480  129.0740  85.9000  172.2500  26749.8880  0.0000  26.2990  0.0000  1722.5000  4.9260  0.0000  54.4740  0.0000  
18.7010  69410.6880  2825.0410  16.3480  117.4240  77.1000  157.7490  29025.2480  0.0000  27.8990  0.0000  1577.4990  17.4620  0.0000  49.9020  0.0000  18.7010  69410.6880  2825.0410  16.3480  129.0740  85.9000  172.2500  26749.8880  0.0000  26.2990  0.0000  1722.5000  4.9260  0.0000  54.4740  0.0000  
18.7010  69410.6880  2825.0410  16.3480  117.4240  77.1000  157.7490  29025.2480  0.0000  27.8990  0.0000  1577.4990  17.4620  0.0000  49.9020  0.0000  18.7010  69410.6880  2825.0410  16.3480  129.0740  85.9000  172.2500  26749.8880  0.0000  26.2990  0.0000  1722.5000  4.9260  0.0000  54.4740  0.0000  
18.7010  69410.6880  2825.0410  16.3480  117.4240  77.1000  157.7490  29025.2480  0.0000  27.8990  0.0000  1577.4990  17.4620  0.0000  49.9020  0.0000  18.7010  69410.6880  2825.0410  16.3480  129.0740  85.9000  172.2500  26749.8880  0.0000  26.2990  0.0000  1722.5000  4.9260  0.0000  54.4740  0.0000  
18.7010  69410.6880  2825.0410  16.3480  117.4240  77.1000  157.7490  29025.2480  0.0000  27.8990  0.0000  1577.4990  17.4620  0.0000  49.9020  0.0000  18.7010  69410.6880  2825.0410  16.3480  129.0740  85.9000  172.2500  26749.8880  0.0000  26.2990  0.0000  1722.5000  4.9260  0.0000  54.4740  0.0000  
18.7010  69410.6880  2825.0410  16.3480  117.4240  77.1000  157.7490  29025.2480  0.0000  27.8990  0.0000  1577.4990  17.4620  0.0000  49.9020  0.0000  18.7010  69410.6880  2825.0410  16.3480  129.0740  85.9000  172.2500  26749.8880  0.0000  26.2990  0.0000  1722.5000  4.9260  0.0000  54.4740  0.0000  
18.7010  69410.6880  2825.0410  16.3480  117.4240  77.1000  157.7490  29025.2480  0.0000  27.8990  0.0000  1577.4990  17.4620  0.0000  49.9020  0.0000  18.7010  69410.6880  2825.0410  16.3480  129.0740  85.9000  172.2500  26749.8880  0.0000  26.2990  0.0000  1722.5000  4.9260  0.0000  54.4740  0.0000  
18.7010  69410.6880  2825.0410  16.3480  117.4240  77.1000  157.7490  29025.2480  0.0000  27.8990  0.0000  1577.4990  17.4620  0.0000  49.9020  0.0000  18.7010  69410.6880  2825.0410  16.3480  129.0740  85.9000  172.2500  26749.8880  0.0000  26.2990  0.0000  1722.5000  4.9260  0.0000  54.4740  0.0000  
18.7010  69410.6880  2825.0410  16.3480  117.4240  77.1000  157.7490  29025.2480  0.0000  27.8990  0.0000  1577.4990  17.4620  0.0000  49.9020  0.0000  18.7010  69410.6880  2825.0410  16.3480  129.0740  85.9000  172.2500  26749.8880  0.0000  26.2990  0.0000  1722.5000  4.9260  0.0000  54.4740  0.0000  
18.7010  69410.6880  2825.0410  16.3480  117.4240  77.1000  157.7490  29025.2480  0.0000  27.8990  0.0000  1577.4990  17.4620  0.0000  49.9020  0.0000  18.7010  69410.6880  2825.0410  16.3480  129.0740  85.9000  172.2500  26749.8880  0.0000  26.2990  0.0000  1722.5000  4.9260  0.0000  54.4740  0.0000  
18.7010  69410.6880  2825.0410  16.3480  117.4240  77.1000  157.7490  29025.2480  0.0000  27.8990  0.0000  1577.4990  17.4620  0.0000  49.9020  0.0000  18.7010  69410.6880  2825.0410  16.3480  129.0740  85.9000  172.2500  26749.8880  0.0000  26.2990  0.0000  1722.5000  4.9260  0.0000  54.4740  0.0000  
18.7010  69410.6880  2825.0410  16.3480  117.4240  77.1000  157.7490  29025.2480  0.0000  27.8990  0.0000  1577.4990  17.4620  0.0000  49.9020  0.0000  18.7010  69410.6880  2825.0410  16.3480  129.0740  85.9000  172.2500  26749.8880  0.0000  26.2990  0.0000  1722.5000  4.9260  0.0000  54.4740  0.0000  
18.7010  69410.6880  2825.0410  16.3480  117.4240  77.1000  157.7490  29025.2480  0.0000  27.8990  0.0000  1577.4990  17.4620  0.0000  49.9020  0.0000  18.7010  69410.6880  2825.0410  16.3480  129.0740  85.9000  172.2500  26749.8880  0.0000  26.2990  0.0000  1722.5000  4.9260  0.0000  54.4740  0.0000  
18.7010  69410.6880  2825.0410  16.3480  117.4240  77.1000  157.7490  29025.2480  0.0000  27.8990  0.0000  1577.4990  17.4620  0.0000  49.9020  0.0000  18.7010  69410.6880  2825.0410  16.3480  129.0740  85.9000  172.2500  26749.8880  0.0000  26.2990  0.0000  1722.5000  4.9260  0.0000  54.4740  0.0000  
18.7010  69410.6880  2825.0410  16.3480  117.4240  77.1000  157.7490  29025.2480  0.0000  27.8990  0.0000  1577.4990  17.4620  0.0000  49.9020  0.0000  18.7010  69410.6880  2825.0410  16.3480  129.0740  85.9000  172.2500  26749.8880  0.0000  26.2990  0.0000  1722.5000  4.9260  0.0000  54.4740  0.0000  
18.7010  69410.6880  2825.0410  16.3480  117.4240  77.1000  157.7490  29025.2480  0.0000  27.8990  0.0000  1577.4990  17.4620  0.0000  49.9020  0.0000  18.7010  69410.6880  2825.0410  16.3480  129.0740  85.9000  172.2500  26749.8880  0.0000  26.2990  0.0000  1722.5000  4.9260  0.0000  54.4740  0.0000  
18.7010  69410.6880  2825.0410  16.3480  117.4240  77.1000  157.7490  29025.2480  0.0000  27.8990  0.0000  1577.4990  17.4620  0.0000  49.9020  0.0000  18.7010  69410.6880  2825.0410  16.3480  129.0740  85.9000  172.2500  26749.8880  0.0000  26.2990  0.0000  1722.5000  4.9260  0.0000  54.4740  0.0000  
18.7010  69410.6880  2825.0410  16.3480  117.4240  77.1000  157.7490  29025.2480  0.0000  27.8990  0.0000  1577.4990  17.4620  0.0000  49.9020  0.0000  18.7010  69410.6880  2825.0410  16.3480  129.0740  85.9000  172.2500  26749.8880  0.0000  26.2990  0.0000  1722.5000  4.9260  0.0000  54.4740  0.0000  
18.7010  69410.6880  2825.0410  16.3480  117.4240  77.1000  157.7490  29025.2480  0.0000  27.8990  0.0000  1577.4990  17.4620  0.0000  49.9020  0.0000  18.7010  69410.6880  2825.0410  16.3480  129.0740  85.9000  172.2500  26749.8880  0.0000  26.2990  0.0000  1722.5000  4.9260  0.0000  54.4740  0.0000  
18.7010  69410.6880  2825.0410  16.3480  117.4240  77.1000  157.7490  29025.2480  0.0000  27.8990  0.0000  1577.4990  17.4620  0.0000  49.9020  0.0000  18.7010  69410.6880  2825.0410  16.3480  129.0740  85.9000  172.2500  26749.8880  0.0000  26.2990  0.0000  1722.5000  4.9260  0.0000  54.4740  0.0000  
18.7010  69410.6880  2825.0410  16.3480  117.4240  77.1000  157.7490  29025.2480  0.0000  27.8990  0.0000  1577.4990  17.4620  0.0000  49.9020  0.0000  18.7010  69410.6880  2825.0410  16.3480  129.0740  85.9000  172.2500  26749.8880  0.0000  26.2990  0.0000  1722.5000  4.9260  0.0000  54.4740  0.0000  
18.7010  69410.6880  2825.0410  16.3480  117.4240  77.1000  157.7490  29025.2480  0.0000  27.8990  0.0000  1577.4990  17.4620  0.0000  49.9020  0.0000  18.7010  69410.6880  2825.0410  16.3480  129.0740  85.9000  172.2500  26749.8880  0.0000  26.2990  0.0000  1722.5000  4.9260  0.0000  54.4740  0.0000  
18.7010  69410.6880  2825.0410  16.3480  117.4240  77.1000  157.7490  29025.2480  0.0000  27.8990  0.0000  1577.4990  17.4620  0.0000  49.9020  0.0000  18.7010  69410.6880  2825.0410  16.3480  129.0740  85.9000  172.2500  26749.8880  0.0000  26.2990  0.0000  1722.5000  4.9260  0.0000  54.4740  0.0000  
18.7010  69410.6880  2825.0410  16.3480  117.4240  77.1000  157.7490  29025.2480  0.0000  27.8990  0.0000  1577.4990  17.4620  0.0000  49.9020  0.0000  18.7010  69410.6880  2825.0410  16.3480  129.0740  85.9000  172.2500  26749.8880  0.0000  26.2990  0.0000  1722.5000  4.9260  0.0000  54.4740  0.0000  
18.7010  69410.6880  2825.0410  16.3480  117.4240  77.1000  157.7490  29025.2480  0.0000  27.8990  0.0000  1577.4990  17.4620  0.0000  49.9020  0.0000  18.7010  69410.6880  2825.0410  16.3480  129.0740  85.9000  172.2500  26749.8880  0.0000  26.2990  0.0000  1722.5000  4.9260  0.0000  54.4740  0.0000  
18.7010  69410.6880  2825.0410  16.3480  117.4240  77.1000  157.7490  29025.2480  0.0000  27.8990  0.0000  1577.4990  17.4620  0.0000  49.9020  0.0000  18.7010  69410.6880  2825.0410  16.3480  129.0740  85.9000  172.2500  26749.8880  0.0000  26.2990  0.0000  1722.5000  4.9260  0.0000  54.4740  0.0000  
18.7010  69410.6880  2825.0410  16.3480  117.4240  77.1000  157.7490  29025.2480  0.0000  27.8990  0.0000  1577.4990  17.4620  0.0000  49.9020  0.0000  18.7010  69410.6880  2825.0410  16.3480  129.0740  85.9000  172.2500  26749.8880  0.0000  26.2990  0.0000  1722.5000  4.9260  0.0000  54.4740  0.0000  
18.7010  69410.6880  2825.0410  16.3480  117.4240  77.1000  157.7490  29025.2480  0.0000  27.8990  0.0000  1577.4990  17.4620  0.0000  49.9020  0.0000  18.7010  69410.6880  2825.0410  16.3480  129.0740  85.9000  172.2500  26749.8880  0.0000  26.2990  0.0000  1722.5000  4.9260  0.0000  54.4740  0.0000  
18.7010  69410.6880  2825.0410  16.3480  117.4240  77.1000  157.7490  29025.2480  0.0000  27.8990  0.0000  1577.4990  17.4620  0.0000  49.9020  0.0000  18.7010  69410.6880  2825.0410  16.3480  129.0740  85.9000  172.2500  26749.8880  0.0000  26.2990  0.0000  1722.5000  4.9260  0.0000  54.4740  0.0000  
18.7010  69410.6880  2825.0410  16.3480  117.4240  77.1000  157.7490  29025.2480  0.0000  27.8990  0.0000  1577.4990  17.4620  0.0000  49.9020  0.0000  18.7010  69410.6880  2825.0410  16.3480  129.0740  85.9000  172.2500  26749.8880  0.0000  26.2990  0.0000  1722.5000  4.9260  0.0000  54.4740  0.0000  
18.7010  69410.6880  2825.0410  16.3480  117.4240  77.1000  157.7490  29025.2480  0.0000  27.8990  0.0000  1577.4990  17.4620  0.0000  49.9020  0.0000  18.7010  69410.6880  2825.0410  16.3480  129.0740  85.9000  172.2500  26749.8880  0.0000  26.2990  0.0000  1722.5000  4.9260  0.0000  54.4740  0.0000  
18.7010  69410.6880  2825.0410  16.3480  117.4240  77.1000  157.7490  29025.2480  0.0000  27.8990  0.0000  1577.4990  17.4620  0.0000  49.9020  0.0000  18.7010  69410.6880  2825.0410  16.3480  129.0740  85.9000  172.2500  26749.8880  0.0000  26.2990  0.0000  1722.5000  4.9260  0.0000  54.4740  0.0000  
18.7010  69410.6880  2825.0410  16.3480  117.4240  77.1000  157.7490  29025.2480  0.0000  27.8990  0.0000  1577.4990  17.4620  0.0000  49.9020  0.0000  18.7010  69410.6880  2825.0410  16.3480  129.0740  85.9000  172.2500  26749.8880  0.0000  26.2990  0.0000  1722.5000  4.9260  0.0000  54.4740  0.0000  
18.7010  69410.6880  2825.0410  16.3480  117.4240  77.1000  157.7490  29025.2480  0.0000  27.8990  0.0000  1577.4990  17.4620  0.0000  49.9020  0.0000  18.7010  69410.6880  2825.0410  16.3480  129.0740  85.9000  172.2500  26749.8880  0.0000  26.2990  0.0000  1722.5000  4.9260  0.0000  54.4740  0.0000  
18.7010  69410.6880  2825.0410  16.3480  117.4240  77.1000  157.7490  29025.2480  0.0000  27.8990  0.0000  1577.4990  17.4620  0.0000  49.9020  0.0000  18.7010  69410.6880  2825.0410  16.3480  129.0740  85.9000  172.2500  26749.8880  0.0000  26.2990  0.0000  1722.5000  4.9260  0.0000  54.4740  0.0000  
18.7010  69410.6880  2825.0410  16.3480  117.4240  77.1000  157.7490  29025.2480  0.0000  27.8990  0.0000  1577.4990  17.4620  0.0000  49.9020  0.0000  18.7010  69410.6880  2825.0410  16.3480  129.0740  85.9000  172.2500  26749.8880  0.0000  26.2990  0.0000  1722.5000  4.9260  0.0000  54.4740  0.0000  
18.7010  69410.6880  2825.0410  16.3480  117.4240  77.1000  157.7490  29025.2480  0.0000  27.8990  0.0000  1577.4990  17.4620  0.0000  49.9020  0.0000  18.7010  69410.6880  2825.0410  16.3480  129.0740  85.9000  172.2500  26749.8880  0.0000  26.2990  0.0000  1722.5000  4.9260  0.0000  54.4740  0.0000  
18.7010  69410.6880  2825.0410  16.3480  117.4240  77.1000  157.7490  29025.2480  0.0000  27.8990  0.0000  1577.4990  17.4620  0.0000  49.9020  0.0000  18.7010  69410.6880  2825.0410  16.3480  129.0740  85.9000  172.2500  26749.8880  0.0000  26.2990  0.0000  1722.5000  4.9260  0.0000  54.4740  0.0000  
18.7010  69410.6880  2825.0410  16.3480  117.4240  77.1000  157.7490  29025.2480  0.0000  27.8990  0.0000  1577.4990  17.4620  0.0000  49.9020  0.0000  18.7010  69410.6880  2825.0410  16.3480  129.0740  85.9000  172.2500  26749.8880  0.0000  26.2990  0.0000  1722.5000  4.9260  0.0000  54.4740  0.0000  
18.7010  69410.6880  2825.0410  16.3480  117.4240  77.1000  157.7490  29025.2480  0.0000  27.8990  0.0000  1577.4990  17.4620  0.0000  49.9020  0.0000  18.7010  69410.6880  2825.0410  16.3480  129.0740  85.9000  172.2500  26749.8880  0.0000  26.2990  0.0000  1722.5000  4.9260  0.0000  54.4740  0.0000  
18.7010  69410.6880  2825.0410  16.3480  117.4240  77.1000  157.7490  29025.2480  0.0000  27.8990  0.0000  1577.4990  17.4620  0.0000  49.9020  0.0000  18.7010  69410.6880  2825.0410  16.3480  129.0740  85.9000  172.2500  26749.8880  0.0000  26.2990  0.0000  1722.5000  4.9260  0.0000  54.4740  0.0000  
18.7010  69410.6880  2825.0410  16.3480  117.4240  77.1000  157.7490  29025.2480  0.0000  27.8990  0.0000  1577.4990  17.4620  0.0000  49.9020  0.0000  18.7010  69410.6880  2825.0410  16.3480  129.0740  85.9000  172.2500  26749.8880  0.0000  26.2990  0.0000  1722.5000  4.9260  0.0000  54.4740  0.0000  
18.7010  69410.6880  2825.0410  16.3480  117.4240  77.1000  157.7490  29025.2480  0.0000  27.8990  0.0000  1577.4990  17.4620  0.0000  49.9020  0.0000  18.7010  69410.6880  2825.0410  16.3480  129.0740  85.9000  172.2500  26749.8880  0.0000  26.2990  0.0000  1722.5000  4.9260  0.0000  54.4740  0.0000  
18.7010  69410.6880  2825.0410  16.3480  117.4240  77.1000  157.7490  29025.2480  0.0000  27.8990  0.0000  1577.4990  17.4620  0.0000  49.9020  0.0000  18.7010  69410.6880  2825.0410  16.3480  129.0740  85.9000  172.2500  26749.8880  0.0000  26.2990  0.0000  1722.5000  4.9260  0.0000  54.4740  0.0000  
18.7010  69410.6880  2825.0410  16.3480  117.4240  77.1000  157.7490  29025.2480  0.0000  27.8990  0.0000  1577.4990  17.4620  0.0000  49.9020  0.0000  18.7010  69410.6880  2825.0410  16.3480  129.0740  85.9000  172.2500  26749.8880  0.0000  26.2990  0.0000  1722.5000  4.9260  0.0000  54.4740  0.0000  
18.7010  69410.6880  2825.0410  16.3480  117.4240  77.1000  157.7490  29025.2480  0.0000  27.8990  0.0000  1577.4990  17.4620  0.0000  49.9020  0.0000  18.7010  69410.6880  2825.0410  16.3480  129.0740  85.9000  172.2500  26749.8880  0.0000  26.2990  0.0000  1722.5000  4.9260  0.0000  54.4740  0.0000  
